              0
          0.001
          0.028
          0.163
          0.319
           0.51
          0.715
          0.977
          1.168
          1.453
           1.58
          1.847
          1.963
           2.11
          2.339
          2.474
          2.658
          2.966
          2.884
          2.941
          3.131
          3.236
          3.312
          3.507
          3.457
          3.607
          3.747
          3.785
          3.856
          3.869
          3.819
          3.935
          3.894
          4.023
          4.053
          3.952
          4.069
          3.967
          4.031
          3.926
          3.948
          3.953
          4.038
          3.911
          3.937
           4.09
           3.98
          3.919
          3.935
          3.988
          3.872
          3.937
          3.816
          3.835
          3.946
          3.778
          3.848
          3.831
          3.701
           3.76
          3.685
          3.686
          3.567
          3.663
          3.589
          3.537
          3.544
           3.67
          3.483
          3.348
          3.443
          3.324
          3.329
          3.243
           3.29
          3.294
           3.09
          3.175
          3.067
          3.175
          2.969
          3.105
          3.038
          2.984
          2.992
          2.937
          2.902
          2.797
          2.913
          2.824
          2.797
          2.715
           2.76
          2.719
          2.614
          2.576
          2.585
          2.615
          2.574
          2.455
          2.515
          2.511
          2.445
           2.33
          2.325
          2.302
          2.298
          2.235
          2.188
          2.256
          2.089
          2.206
          2.117
          2.067
          2.064
          2.027
           2.02
          2.009
          1.948
          1.943
          1.888
          1.942
          1.952
          1.797
          1.844
           1.78
          1.804
          1.696
           1.73
           1.73
          1.618
          1.686
          1.643
          1.618
          1.609
          1.627
          1.556
          1.686
          1.474
          1.445
          1.434
          1.447
           1.49
           1.38
          1.426
          1.389
          1.413
          1.359
          1.334
          1.331
          1.384
          1.263
          1.287
          1.249
          1.338
          1.214
          1.191
          1.183
          1.203
          1.224
          1.162
          1.144
          1.096
          1.127
          1.095
          1.094
           1.09
          1.052
          1.037
          1.009
          1.004
          1.023
          0.951
          0.991
          0.898
          0.927
          1.018
          0.889
          0.891
          0.893
          0.918
          0.874
          0.886
          0.796
          0.831
          0.842
          0.772
          0.804
          0.806
          0.719
          0.801
          0.776
           0.74
          0.777
          0.725
          0.778
           0.73
          0.715
          0.749
          0.739
          0.696
          0.675
          0.653
          0.641
          0.617
          0.641
          0.671
          0.638
          0.621
          0.602
          0.627
          0.591
          0.618
          0.609
          0.596
          0.566
          0.587
          0.542
          0.553
          0.542
          0.527
           0.57
          0.544
           0.51
          0.472
          0.506
          0.488
          0.451
          0.463
          0.487
          0.469
          0.406
          0.457
           0.46
          0.456
          0.439
          0.429
          0.424
          0.437
          0.416
          0.422
          0.399
          0.428
          0.423
          0.385
          0.392
          0.375
          0.377
          0.357
          0.388
          0.381
          0.379
           0.35
          0.351
          0.323
          0.315
          0.324
          0.369
           0.34
          0.336
          0.325
          0.284
          0.294
          0.313
          0.281
          0.311
           0.29
          0.285
          0.305
          0.262
          0.274
          0.292
          0.282
          0.235
          0.269
          0.268
          0.243
          0.237
          0.237
          0.233
          0.232
          0.223
          0.235
          0.249
          0.248
          0.225
          0.215
          0.193
          0.209
          0.249
          0.193
          0.211
           0.23
          0.212
          0.204
           0.19
          0.174
          0.196
          0.209
          0.186
          0.174
          0.188
          0.192
          0.182
          0.196
          0.202
          0.175
          0.181
          0.159
          0.168
          0.176
          0.181
          0.176
          0.139
          0.151
          0.146
          0.167
          0.144
          0.161
          0.129
          0.143
          0.133
           0.15
           0.13
          0.133
          0.143
          0.117
          0.123
          0.134
          0.125
          0.142
          0.127
          0.122
          0.133
          0.132
          0.097
          0.127
          0.118
           0.11
          0.122
          0.105
          0.102
          0.111
          0.107
          0.105
          0.117
          0.092
          0.098
          0.105
          0.118
          0.099
          0.096
          0.094
          0.092
          0.083
          0.089
          0.096
          0.067
          0.091
          0.079
          0.084
          0.084
          0.081
          0.081
          0.088
          0.081
           0.07
          0.085
          0.072
          0.071
          0.071
           0.07
          0.073
          0.068
          0.074
           0.07
          0.061
          0.058
          0.054
          0.061
          0.079
          0.071
          0.058
           0.06
          0.046
          0.074
           0.06
          0.053
          0.064
           0.06
          0.061
          0.086
           0.07
          0.051
          0.058
          0.054
          0.047
          0.058
          0.051
          0.056
          0.043
          0.049
           0.05
          0.045
          0.054
          0.047
          0.038
          0.035
          0.034
          0.033
          0.042
          0.039
          0.053
          0.041
          0.034
          0.035
           0.03
          0.037
          0.051
          0.026
          0.047
          0.042
          0.026
          0.044
          0.034
          0.032
          0.039
          0.041
          0.027
          0.027
          0.025
          0.025
          0.034
          0.031
          0.025
          0.035
          0.028
          0.026
