              0
          0.005
          0.146
          0.426
          0.889
           1.39
          1.928
          2.469
          3.013
          3.489
           3.98
          4.556
          4.918
          5.317
          5.762
          6.208
          6.488
          6.783
          6.948
          7.127
           7.41
            7.5
          7.692
          7.855
          8.172
          8.207
          8.278
           8.43
          8.434
          8.639
          8.594
          8.667
          8.675
          8.591
          8.865
          8.745
          8.863
          8.732
          8.594
            8.8
          8.661
          8.721
          8.603
          8.572
          8.459
          8.462
          8.494
          8.348
           8.18
          8.224
          8.087
           8.08
          7.998
          8.031
          8.033
          7.862
          7.779
          7.725
          7.703
          7.403
           7.47
          7.469
          7.427
          7.165
          7.033
          7.085
          7.097
          6.906
          6.829
          6.755
          6.628
          6.733
          6.589
          6.381
          6.467
          6.427
          6.295
          6.071
          6.162
          6.052
          5.852
          5.861
          5.885
          5.734
          5.552
          5.567
          5.485
          5.328
          5.219
          5.313
          5.207
           5.17
          5.123
          4.841
          4.863
          4.814
          4.709
          4.585
           4.53
          4.556
          4.595
          4.479
          4.437
          4.313
          4.184
          4.159
          4.095
          3.993
          3.932
          3.871
          3.748
          3.892
          3.731
          3.664
          3.639
          3.585
          3.652
          3.549
          3.433
          3.429
          3.233
          3.306
          3.254
          3.123
          3.143
          3.214
          3.102
            2.9
          3.079
          2.954
          2.852
          2.849
          2.841
          2.782
          2.746
          2.652
          2.662
          2.596
          2.607
          2.605
          2.554
          2.399
          2.508
          2.409
          2.332
          2.319
          2.283
          2.334
          2.348
          2.248
          2.198
          2.143
          2.081
          2.081
          2.042
          2.059
          1.947
          2.053
          1.996
          1.904
          1.956
          1.934
          1.927
          1.898
          1.853
          1.846
          1.837
          1.711
          1.816
          1.715
          1.749
          1.657
          1.703
          1.679
          1.625
          1.649
          1.581
          1.536
          1.565
          1.478
           1.48
          1.485
          1.483
          1.471
          1.444
          1.454
          1.423
          1.372
          1.368
          1.398
          1.341
          1.299
          1.348
           1.35
           1.36
          1.264
          1.258
           1.28
          1.207
          1.209
          1.156
          1.157
          1.118
           1.18
          1.125
          1.134
          1.134
          1.087
          1.055
          1.081
           1.09
          1.053
          1.097
          0.987
          1.046
          1.025
          1.035
          0.987
          1.009
          1.004
          0.938
          0.939
          0.949
          0.938
          0.935
          0.891
          0.908
          0.898
          0.865
          0.823
          0.843
           0.86
           0.92
          0.838
          0.755
          0.837
          0.775
          0.765
          0.796
          0.797
          0.784
          0.778
          0.763
          0.773
          0.729
          0.697
          0.765
          0.706
          0.741
           0.68
          0.709
          0.666
           0.67
          0.691
          0.633
          0.661
          0.659
          0.625
          0.627
          0.651
          0.644
          0.596
          0.625
          0.597
          0.555
          0.546
          0.578
          0.571
          0.553
          0.551
          0.555
            0.6
          0.563
          0.607
          0.533
          0.534
          0.508
           0.57
          0.476
          0.515
           0.51
          0.496
          0.545
           0.47
          0.455
          0.475
          0.469
          0.478
          0.462
           0.44
           0.42
          0.417
          0.425
          0.422
          0.455
          0.423
           0.46
          0.453
          0.406
          0.407
          0.406
          0.368
          0.391
          0.378
          0.377
          0.363
          0.353
          0.349
          0.415
          0.388
          0.358
          0.369
          0.381
          0.337
          0.384
          0.344
          0.362
           0.33
           0.33
          0.316
          0.371
          0.306
          0.346
          0.373
          0.322
          0.355
            0.3
          0.316
          0.286
          0.322
          0.305
          0.317
           0.29
          0.283
           0.29
          0.293
          0.293
          0.285
          0.282
          0.274
          0.278
           0.28
          0.276
          0.279
          0.277
          0.275
          0.261
          0.248
          0.286
          0.258
          0.234
          0.285
          0.251
          0.229
          0.221
          0.252
          0.244
          0.252
          0.256
          0.245
          0.213
          0.227
          0.214
          0.232
          0.217
           0.22
          0.197
          0.202
          0.213
          0.208
          0.178
          0.194
          0.193
          0.213
          0.201
            0.2
           0.21
          0.183
          0.171
          0.185
          0.186
          0.178
          0.162
          0.186
          0.168
          0.175
          0.132
          0.163
          0.154
          0.163
          0.176
          0.162
           0.16
           0.16
          0.154
          0.174
          0.144
          0.168
          0.143
          0.155
          0.181
          0.136
          0.137
          0.148
          0.129
          0.139
          0.144
          0.141
          0.149
          0.145
          0.137
          0.122
          0.147
           0.13
          0.144
          0.168
          0.128
          0.142
          0.138
          0.127
          0.114
          0.109
          0.121
          0.128
          0.121
          0.118
          0.112
          0.118
          0.127
          0.114
          0.123
          0.092
           0.09
          0.111
          0.097
          0.105
          0.106
            0.1
