              0
         19.991
         19.383
         18.884
         18.476
          18.17
         17.584
         17.232
           16.8
         16.356
         16.097
         15.602
         15.271
         15.056
         14.622
         14.413
         14.004
         13.422
         13.199
         12.915
         12.488
         12.379
          12.28
         11.752
         11.563
         11.386
         10.936
         10.827
         10.625
         10.293
          9.944
          9.684
          9.486
          9.268
          8.938
          8.915
          8.751
          8.484
          8.249
          7.964
           7.85
          7.554
          7.733
           7.44
          7.449
          7.089
          6.931
          6.863
          6.588
          6.481
          6.355
          6.012
          5.996
          5.989
          5.714
           5.55
           5.36
          5.302
          5.336
          5.224
          5.005
          5.083
          4.933
          4.727
          4.505
          4.363
          4.297
          4.275
          4.286
          4.083
          4.112
          3.914
          3.961
           3.85
          3.728
          3.665
          3.515
          3.368
          3.466
          3.201
          3.184
           3.18
          3.183
          3.072
          2.942
          2.915
          2.772
          2.782
          2.622
          2.635
          2.595
          2.558
          2.467
          2.411
           2.33
          2.296
          2.361
          2.178
          2.166
           2.11
          2.133
          2.082
          2.036
          1.979
          1.998
          1.876
          1.887
          1.864
          1.836
          1.755
          1.728
          1.653
          1.627
          1.629
          1.609
          1.575
          1.569
          1.542
          1.582
          1.459
          1.405
          1.456
          1.365
          1.414
          1.337
          1.324
          1.333
          1.343
          1.259
          1.248
          1.295
           1.22
          1.226
           1.24
          1.153
          1.145
          1.157
          1.107
          1.066
          1.081
          1.074
          1.062
          1.074
          1.032
          1.051
          1.018
          0.998
          1.023
          1.028
          0.966
          0.952
           0.99
          0.931
          0.935
          0.872
          0.925
          0.906
          0.892
          0.883
          0.905
          0.923
          0.888
          0.861
           0.81
          0.857
          0.811
          0.827
          0.772
          0.815
          0.823
          0.766
          0.769
          0.712
          0.728
          0.773
          0.734
          0.708
          0.792
          0.683
          0.725
          0.691
          0.704
          0.724
          0.692
          0.677
          0.648
           0.67
           0.69
          0.624
          0.656
          0.635
          0.609
          0.604
          0.628
          0.592
          0.599
           0.62
           0.63
          0.663
          0.591
          0.598
          0.585
          0.583
          0.567
          0.589
          0.572
          0.604
          0.571
           0.54
          0.566
          0.559
          0.554
          0.538
          0.517
          0.516
          0.476
          0.507
          0.515
          0.539
          0.518
          0.491
          0.501
          0.469
          0.503
          0.444
          0.449
          0.499
          0.487
          0.479
          0.508
          0.433
          0.443
          0.438
          0.433
           0.45
          0.441
          0.439
          0.437
          0.499
          0.412
          0.416
          0.412
          0.412
          0.411
          0.423
          0.414
          0.395
          0.413
          0.443
          0.404
          0.405
            0.4
          0.396
          0.389
          0.414
          0.367
          0.339
          0.371
          0.404
           0.35
          0.409
          0.383
          0.404
          0.351
          0.351
          0.315
          0.355
          0.366
          0.356
          0.339
          0.339
          0.368
           0.32
          0.346
          0.311
          0.319
          0.324
          0.322
          0.328
           0.33
          0.318
          0.292
          0.299
           0.31
          0.326
           0.29
          0.354
          0.298
          0.294
          0.315
          0.303
          0.316
          0.301
          0.265
           0.28
          0.286
          0.304
          0.293
          0.295
          0.302
          0.285
          0.275
          0.248
          0.277
          0.294
          0.289
          0.283
          0.264
          0.295
          0.278
          0.273
          0.289
          0.258
          0.279
          0.244
          0.251
          0.255
          0.239
           0.23
          0.264
          0.285
          0.234
          0.239
          0.226
          0.277
          0.244
          0.246
           0.25
          0.257
          0.231
          0.241
          0.224
          0.229
          0.231
          0.218
          0.257
          0.209
          0.234
           0.18
          0.251
          0.209
           0.23
          0.232
          0.211
          0.236
          0.237
          0.224
           0.23
          0.244
          0.239
          0.211
          0.212
          0.218
          0.217
          0.224
          0.192
          0.213
          0.201
            0.2
          0.183
           0.22
          0.191
          0.176
          0.203
          0.192
          0.208
          0.211
          0.207
          0.208
          0.202
          0.214
          0.165
          0.179
          0.172
          0.179
           0.19
          0.177
          0.205
          0.207
          0.182
          0.187
          0.207
          0.171
           0.18
          0.169
          0.168
          0.169
          0.172
          0.203
           0.19
          0.181
          0.178
          0.202
           0.18
          0.181
          0.188
          0.179
           0.19
          0.162
          0.145
           0.19
          0.178
          0.181
          0.186
          0.161
          0.164
          0.147
          0.178
          0.127
          0.152
          0.152
          0.168
          0.147
          0.161
          0.149
          0.157
          0.144
          0.161
          0.136
          0.156
          0.147
          0.171
          0.156
          0.164
          0.137
          0.153
          0.146
          0.142
          0.167
          0.151
          0.143
          0.155
          0.132
          0.139
          0.143
           0.16
          0.143
          0.153
          0.147
          0.156
          0.133
          0.129
          0.128
          0.154
          0.142
          0.131
          0.141
          0.131
          0.115
          0.135
          0.141
          0.122
          0.132
          0.125
          0.134
          0.125
          0.125
          0.148
          0.124
           0.14
          0.134
          0.122
          0.135
          0.158
          0.134
          0.112
          0.126
          0.129
          0.134
          0.125
          0.111
           0.13
          0.116
          0.121
          0.118
          0.133
          0.126
          0.138
          0.105
          0.115
          0.109
          0.125
          0.093
          0.123
          0.122
          0.131
          0.125
          0.114
          0.095
          0.131
          0.112
          0.132
          0.115
          0.107
          0.109
          0.117
            0.1
          0.102
          0.105
          0.115
          0.108
          0.127
          0.125
          0.124
          0.104
          0.129
          0.104
          0.106
          0.092
           0.12
          0.098
          0.112
           0.12
          0.102
          0.109
          0.103
          0.117
           0.12
          0.103
          0.082
          0.101
          0.103
          0.115
          0.102
          0.099
          0.097
          0.102
          0.108
          0.088
          0.087
          0.089
          0.117
          0.103
          0.098
          0.107
            0.1
          0.087
          0.083
          0.102
          0.112
          0.091
          0.085
          0.106
          0.112
          0.102
          0.092
          0.104
          0.091
          0.093
          0.109
          0.101
          0.085
          0.089
          0.103
          0.107
          0.086
          0.081
          0.082
          0.097
          0.098
          0.084
          0.099
          0.073
            0.1
          0.083
          0.065
           0.08
          0.089
          0.095
          0.102
          0.078
          0.088
          0.083
          0.086
          0.093
          0.104
           0.08
          0.099
          0.086
          0.067
          0.074
          0.074
          0.071
          0.096
           0.09
          0.073
          0.075
          0.069
          0.071
           0.08
          0.075
          0.083
          0.079
          0.064
          0.075
          0.066
          0.069
          0.082
          0.069
          0.071
          0.104
          0.086
          0.078
           0.09
          0.067
          0.084
          0.077
          0.089
          0.063
          0.066
          0.073
          0.071
           0.07
          0.087
          0.069
          0.074
          0.069
          0.072
          0.082
          0.072
          0.069
          0.066
          0.075
           0.07
           0.07
          0.065
          0.067
          0.065
          0.068
          0.068
          0.064
          0.059
          0.061
          0.077
          0.062
          0.074
          0.057
          0.059
          0.065
          0.052
          0.067
          0.065
          0.076
          0.062
          0.061
          0.067
          0.061
          0.056
          0.066
          0.056
           0.05
          0.054
          0.058
          0.065
           0.08
          0.057
          0.065
          0.071
          0.057
          0.059
          0.058
          0.066
          0.059
          0.068
          0.072
          0.063
           0.06
          0.044
          0.067
          0.051
          0.062
           0.06
          0.055
          0.067
          0.059
          0.049
          0.054
          0.054
          0.064
          0.064
          0.058
          0.056
          0.067
          0.056
          0.065
          0.062
          0.062
          0.057
          0.055
          0.054
          0.067
          0.052
          0.057
          0.057
          0.058
          0.059
          0.062
          0.056
          0.054
          0.069
          0.044
          0.058
          0.053
          0.059
          0.047
          0.059
          0.051
           0.06
          0.049
           0.05
          0.058
          0.062
          0.045
           0.06
          0.046
          0.056
          0.045
          0.048
          0.046
          0.057
          0.065
          0.061
          0.046
          0.054
          0.049
          0.048
           0.05
          0.052
          0.041
          0.051
          0.038
          0.054
