              0
          0.001
          0.089
          0.295
          0.621
          1.021
          1.433
          1.843
           2.36
          2.745
          3.221
          3.504
          4.059
          4.292
          4.706
          5.004
          5.343
          5.703
          5.845
          6.241
          6.492
          6.636
          6.806
          6.813
          7.078
          7.235
          7.259
          7.304
          7.479
          7.756
           7.86
          7.816
          7.896
          7.933
          7.989
          7.851
           7.97
          7.868
          7.947
          7.949
          7.883
          8.109
          8.082
          7.998
          8.235
          8.074
          7.882
          8.078
          7.978
          7.816
          7.907
          7.558
          7.746
          7.719
          7.796
           7.68
          7.555
          7.569
          7.449
           7.32
          7.355
           7.24
           7.45
          7.285
          7.091
          7.104
           7.08
           7.09
          6.909
          6.842
          6.704
          6.891
           6.63
          6.646
          6.686
           6.54
           6.43
          6.479
          6.349
          6.203
          6.216
          6.152
          6.181
           5.93
          6.093
          5.997
          5.769
          5.826
          5.716
           5.51
          5.544
          5.444
          5.414
          5.399
          5.356
          5.211
          5.135
          4.969
          5.049
          5.029
           4.96
          4.821
          4.753
          4.781
          4.708
          4.679
          4.578
          4.453
          4.496
          4.482
          4.312
          4.343
          4.199
          4.187
          4.124
          4.085
          4.059
          3.911
          3.814
          3.935
          3.885
          3.842
           3.83
          3.637
           3.73
          3.594
          3.542
          3.484
          3.516
          3.404
          3.419
          3.315
          3.227
          3.278
          3.153
          3.162
          2.992
          3.092
          3.066
          2.973
          2.923
          2.908
          2.898
          2.834
          2.854
           2.78
          2.716
          2.716
          2.639
          2.641
          2.629
          2.527
          2.469
          2.542
          2.524
          2.492
          2.415
          2.407
          2.265
          2.357
           2.26
          2.271
          2.191
          2.169
          2.198
          2.162
          2.109
          2.085
          1.999
          2.112
          1.964
           1.92
          1.902
          1.843
          1.938
          1.893
          1.834
          1.812
          1.822
           1.75
           1.74
          1.772
          1.798
          1.695
          1.692
          1.595
          1.674
          1.601
          1.648
          1.572
          1.572
          1.603
          1.521
           1.53
          1.475
          1.465
          1.494
          1.441
          1.361
          1.408
          1.329
          1.352
          1.367
          1.323
          1.363
          1.269
           1.34
          1.276
          1.211
          1.171
          1.184
          1.175
          1.154
          1.191
          1.113
          1.104
          1.093
           1.18
          1.078
          1.115
          1.047
          1.022
          1.047
          1.011
          0.959
          1.052
          0.978
          0.967
          0.978
          0.919
          0.943
          0.883
          0.941
          0.935
           0.86
           0.88
          0.878
          0.837
          0.855
          0.787
          0.838
          0.805
          0.752
          0.775
          0.776
          0.753
          0.753
          0.775
          0.723
          0.757
          0.775
          0.742
          0.726
          0.699
          0.675
           0.69
          0.637
          0.671
          0.614
          0.629
          0.644
          0.605
          0.622
          0.633
          0.631
          0.583
          0.587
          0.549
          0.569
          0.574
          0.575
          0.517
          0.556
          0.546
          0.605
          0.526
          0.519
          0.513
          0.502
          0.503
          0.484
          0.523
          0.468
          0.504
          0.443
          0.406
          0.457
          0.425
          0.407
          0.471
          0.436
          0.417
          0.429
            0.4
          0.399
          0.393
          0.431
          0.386
          0.408
          0.407
          0.422
          0.395
          0.362
          0.337
          0.372
           0.36
           0.36
          0.341
          0.342
          0.337
          0.338
          0.323
          0.285
          0.359
          0.319
          0.319
          0.322
          0.323
          0.319
          0.291
           0.32
          0.279
          0.299
          0.286
          0.295
          0.252
          0.286
          0.287
          0.276
           0.25
          0.272
           0.25
          0.239
          0.258
          0.279
          0.244
           0.23
          0.223
          0.227
          0.239
            0.2
          0.209
          0.237
          0.217
          0.219
          0.203
          0.209
          0.179
          0.168
          0.206
          0.196
          0.209
          0.179
          0.193
          0.171
          0.172
          0.195
          0.172
          0.177
          0.174
          0.171
          0.159
          0.166
           0.16
          0.178
          0.168
          0.152
          0.159
          0.175
          0.163
          0.156
          0.148
          0.154
          0.157
          0.146
          0.139
          0.135
           0.12
          0.154
          0.132
           0.13
          0.131
           0.14
          0.131
          0.113
          0.113
          0.135
          0.117
          0.126
          0.111
          0.101
          0.122
          0.092
          0.116
          0.109
          0.103
           0.11
          0.118
          0.108
          0.104
          0.102
          0.108
          0.097
          0.111
          0.109
          0.088
          0.086
          0.084
          0.091
          0.104
          0.099
          0.095
          0.093
          0.071
          0.065
          0.084
          0.078
          0.087
          0.079
          0.074
          0.084
          0.079
          0.066
           0.05
          0.066
          0.067
           0.07
          0.073
          0.061
          0.063
           0.06
          0.067
           0.07
          0.058
          0.055
          0.059
          0.046
          0.071
