              0
          0.041
          0.397
          1.138
          2.128
          3.125
           4.15
          5.076
          5.908
          6.787
          7.443
          7.976
          8.809
          9.176
          9.644
          9.789
         10.285
         10.694
          10.87
         10.973
         11.177
         11.178
         11.393
         11.516
         11.448
         11.574
          11.84
         11.614
         11.379
         11.644
         11.664
         11.484
         11.416
         11.381
         11.101
         11.202
          10.85
         10.763
         10.649
         10.774
         10.625
         10.457
          10.18
         10.099
          9.926
          9.774
          9.691
           9.65
          9.368
          9.199
          8.823
          9.034
          8.873
          8.745
          8.625
          8.338
          8.224
          7.997
           7.86
            7.7
          7.731
          7.503
          7.319
          7.342
          7.073
          7.033
          6.916
          6.574
          6.499
           6.61
          6.385
          6.211
          6.106
          6.104
          5.784
          5.749
          5.613
          5.429
          5.375
          5.402
           5.11
          5.094
          4.952
          4.888
          4.903
          4.709
          4.617
          4.456
          4.472
            4.3
           4.15
          4.111
          3.889
          3.915
          3.867
           3.67
          3.702
          3.481
           3.64
          3.326
          3.387
          3.264
          3.154
          3.077
          3.096
           2.93
          2.981
          2.994
          2.806
           2.73
          2.634
          2.577
          2.603
          2.436
          2.474
          2.429
          2.246
          2.278
          2.173
          2.196
          2.188
          2.115
          2.072
          2.095
          2.105
          1.937
            1.8
           1.85
          1.891
          1.829
          1.837
          1.745
          1.755
          1.671
          1.624
           1.57
          1.571
          1.622
          1.584
          1.479
          1.479
          1.474
          1.422
          1.381
          1.414
          1.365
           1.39
           1.34
          1.319
          1.269
          1.223
          1.315
          1.213
          1.181
          1.252
          1.155
          1.174
          1.153
          1.117
          1.148
          1.117
          1.098
          1.099
          1.051
          1.046
          0.983
          1.064
           0.97
          0.959
          0.905
           0.95
          0.995
           0.92
          0.862
          0.928
          0.978
          0.834
          0.851
          0.837
          0.849
          0.819
          0.844
           0.87
          0.748
          0.825
          0.776
          0.766
          0.776
          0.753
          0.764
          0.716
          0.727
          0.737
          0.745
          0.734
          0.695
          0.675
          0.655
          0.706
          0.679
          0.681
          0.659
           0.68
          0.663
          0.599
          0.598
          0.652
          0.598
          0.619
          0.568
          0.579
           0.54
          0.621
          0.632
          0.559
          0.605
          0.534
          0.571
          0.535
          0.523
          0.502
          0.526
          0.506
          0.546
          0.516
          0.504
           0.51
          0.513
          0.519
          0.508
           0.53
          0.479
          0.517
          0.478
          0.449
          0.509
          0.475
          0.432
          0.448
          0.476
          0.447
          0.438
          0.448
           0.42
          0.468
          0.419
          0.453
          0.441
          0.447
          0.429
          0.438
          0.394
          0.367
          0.424
          0.399
          0.393
          0.419
          0.407
          0.366
          0.378
          0.384
          0.417
          0.398
           0.38
          0.367
            0.4
          0.322
          0.344
          0.362
          0.336
          0.334
          0.344
          0.366
          0.347
           0.32
          0.301
          0.317
          0.324
          0.301
          0.333
          0.325
          0.346
          0.311
          0.313
          0.325
          0.302
           0.31
          0.302
          0.267
          0.311
          0.289
           0.29
          0.284
          0.315
          0.295
          0.293
          0.314
          0.245
          0.284
          0.298
          0.238
          0.285
          0.255
           0.26
          0.296
          0.267
          0.288
          0.253
          0.262
          0.259
          0.262
          0.212
          0.294
          0.254
          0.249
          0.239
          0.247
          0.248
          0.226
          0.218
          0.228
          0.216
          0.223
           0.25
          0.251
          0.234
          0.222
          0.215
          0.259
          0.229
          0.217
          0.205
          0.232
          0.201
          0.262
          0.219
          0.203
          0.187
            0.2
          0.231
          0.213
          0.196
          0.196
           0.22
          0.196
          0.195
            0.2
          0.223
          0.185
          0.231
          0.199
          0.206
          0.197
          0.201
          0.171
          0.208
          0.188
          0.182
          0.181
          0.178
          0.167
          0.214
          0.191
          0.162
          0.194
          0.191
          0.157
          0.183
          0.155
          0.173
           0.16
          0.154
          0.158
           0.15
          0.167
          0.178
          0.171
          0.181
          0.169
          0.168
          0.163
          0.174
          0.193
          0.139
          0.159
          0.168
          0.206
          0.145
           0.14
          0.161
          0.141
          0.151
          0.185
          0.163
          0.138
          0.164
          0.151
          0.154
          0.162
          0.146
           0.15
          0.141
          0.149
          0.151
          0.149
          0.134
          0.149
          0.159
          0.112
          0.121
          0.118
          0.138
          0.157
          0.126
          0.141
          0.117
          0.123
          0.124
          0.127
          0.158
          0.144
          0.106
          0.128
          0.096
           0.11
          0.129
          0.126
          0.111
          0.133
          0.114
          0.127
          0.111
          0.124
          0.133
           0.12
          0.117
          0.115
          0.102
