              0
          0.004
          0.077
          0.265
          0.559
          0.948
          1.373
          1.735
          2.172
          2.553
          3.058
          3.336
          3.785
          4.157
          4.421
          4.765
          5.096
          5.498
           5.62
          5.919
          5.927
          6.318
          6.576
          6.545
          6.811
          6.902
          7.191
          7.152
          7.352
          7.459
          7.513
          7.459
          7.601
          7.694
          7.733
          7.788
           7.83
          7.814
           7.83
          7.972
          7.776
          7.904
          7.998
          7.819
          7.825
          7.931
           7.79
          7.846
          7.842
          7.885
          7.745
           7.75
          7.688
          7.767
          7.679
          7.731
          7.594
           7.47
          7.505
          7.346
          7.387
          7.472
          7.136
           7.31
          7.162
          7.136
          7.186
           7.07
          7.024
          6.866
          6.974
          6.924
           6.71
          6.564
          6.642
           6.71
          6.445
          6.477
          6.368
          6.347
          6.169
          6.163
          6.147
            6.1
          6.163
          6.012
          5.954
          5.801
          5.723
          5.659
          5.599
          5.456
          5.574
          5.447
          5.368
          5.316
          5.233
          5.313
          5.058
          5.072
          5.161
          5.015
          5.097
          4.989
          4.857
          4.823
          4.723
           4.58
          4.598
          4.512
          4.566
          4.351
          4.431
            4.3
          4.327
          4.333
          4.222
          4.181
          4.074
          4.152
          3.976
           3.94
          3.999
          3.933
          3.825
          3.722
          3.795
          3.631
          3.646
          3.604
          3.532
          3.489
          3.395
          3.404
          3.346
          3.361
          3.206
          3.205
          3.165
           3.16
          3.089
          3.049
          2.818
          3.136
          3.044
          2.957
          2.867
           2.85
          2.763
          2.821
          2.691
           2.71
          2.645
          2.591
          2.601
          2.554
          2.525
          2.407
          2.468
          2.444
          2.337
          2.382
          2.347
          2.199
          2.277
          2.263
          2.195
          2.213
          2.252
          2.113
          2.103
          2.126
          2.049
          2.032
          2.039
          1.915
          1.964
          1.879
          1.836
          1.864
          1.876
          1.833
          1.853
          1.746
          1.706
          1.656
          1.714
          1.678
          1.632
          1.616
          1.679
          1.553
          1.568
          1.535
          1.514
          1.559
          1.452
          1.444
          1.407
          1.343
          1.371
          1.397
           1.32
           1.32
          1.311
          1.239
          1.246
          1.287
          1.271
          1.259
          1.233
          1.225
          1.156
          1.187
          1.186
          1.146
          1.095
          1.156
          1.077
          1.051
          1.091
          1.005
          1.009
          1.023
          0.978
          1.029
          0.977
          0.941
           0.97
          0.909
          0.932
          0.878
          0.875
          0.878
           0.91
          0.863
          0.775
          0.883
          0.836
          0.819
          0.799
          0.753
          0.798
          0.753
          0.741
          0.727
          0.724
          0.745
          0.718
          0.682
          0.696
          0.677
          0.659
          0.681
          0.631
          0.693
          0.632
          0.618
           0.62
           0.62
          0.567
          0.589
          0.551
          0.556
          0.579
          0.526
          0.544
          0.564
          0.524
          0.534
          0.525
          0.491
          0.501
          0.495
          0.474
           0.48
          0.533
          0.449
          0.474
          0.465
          0.425
          0.437
          0.463
          0.468
           0.43
          0.431
            0.4
          0.439
           0.36
          0.429
          0.404
           0.39
          0.375
          0.371
          0.339
          0.392
          0.362
           0.34
           0.33
          0.345
          0.357
          0.302
          0.325
           0.34
          0.303
          0.333
          0.305
          0.304
          0.299
          0.293
          0.311
          0.274
          0.287
          0.283
           0.31
          0.267
          0.296
          0.259
          0.253
           0.28
          0.275
          0.256
          0.224
          0.247
          0.269
          0.219
          0.235
           0.24
            0.2
          0.233
          0.209
          0.223
          0.215
          0.194
          0.196
          0.216
          0.186
          0.221
          0.223
          0.183
          0.189
          0.197
          0.192
          0.183
          0.178
          0.195
          0.178
          0.173
          0.177
          0.192
          0.167
          0.159
          0.167
          0.171
          0.145
          0.186
          0.155
          0.141
          0.154
          0.162
          0.164
           0.15
          0.129
          0.145
          0.134
          0.142
          0.147
          0.134
          0.127
          0.127
          0.116
          0.123
          0.118
          0.136
          0.125
          0.109
          0.113
          0.133
          0.112
          0.112
          0.111
          0.113
          0.121
          0.102
           0.11
          0.112
           0.11
          0.112
            0.1
          0.116
          0.086
          0.103
          0.083
           0.11
          0.086
          0.106
          0.081
          0.104
          0.084
          0.084
          0.084
          0.098
          0.086
          0.084
          0.077
          0.084
          0.078
          0.074
          0.074
          0.083
          0.076
          0.061
          0.068
          0.089
          0.085
          0.077
          0.064
          0.068
           0.07
          0.066
          0.066
          0.047
          0.062
          0.063
          0.074
          0.062
          0.041
          0.058
          0.059
          0.064
          0.051
          0.075
          0.069
          0.046
           0.06
          0.065
          0.054
           0.07
