              0
          0.006
          0.093
          0.389
           0.68
          1.001
          1.396
          1.713
          2.122
          2.355
          2.634
          2.947
          3.136
          3.469
           3.69
          3.869
          3.971
          4.113
          4.251
          4.439
          4.371
           4.52
          4.701
          4.682
          4.707
          4.784
          4.805
          4.801
          4.946
          4.821
          4.954
          4.765
           4.95
           4.95
           4.99
          4.813
          4.726
          4.798
          4.663
           4.85
          4.708
          4.544
          4.679
           4.62
          4.523
          4.539
          4.493
          4.411
          4.302
           4.39
          4.257
          4.176
           4.28
           4.13
          4.018
          3.942
          4.037
          3.964
          3.729
          3.728
          3.649
          3.805
          3.763
          3.649
          3.511
           3.47
          3.503
          3.263
          3.424
          3.379
          3.361
          3.188
          3.173
          3.193
          3.083
          3.005
          2.957
          2.998
          2.965
          2.851
          2.749
          2.771
          2.716
          2.647
           2.67
          2.632
          2.526
          2.441
          2.528
          2.407
          2.399
          2.232
          2.344
           2.12
          2.155
          2.159
          2.171
           2.06
           2.01
          2.079
          2.078
          1.938
          1.889
          1.914
          1.914
          1.804
          1.803
           1.73
          1.739
          1.713
          1.613
          1.675
          1.558
          1.674
          1.525
          1.586
          1.495
          1.434
          1.468
          1.447
          1.428
            1.4
          1.289
          1.352
          1.318
          1.355
          1.287
          1.218
          1.235
          1.106
          1.211
           1.27
          1.122
          1.153
          1.131
          1.066
          1.057
          1.072
          1.076
          1.051
          0.977
          1.027
          0.962
          0.941
          0.964
          0.938
          0.914
          0.958
          0.909
          0.899
          0.871
          0.868
          0.827
          0.842
          0.786
          0.792
          0.833
          0.811
          0.773
          0.852
          0.779
           0.76
          0.803
          0.749
           0.74
          0.749
          0.703
          0.687
          0.737
          0.653
          0.708
          0.636
          0.664
          0.648
          0.655
          0.623
          0.594
          0.575
          0.655
          0.628
          0.602
          0.611
          0.611
          0.589
           0.54
          0.549
           0.53
          0.564
          0.551
          0.533
          0.565
          0.582
           0.53
          0.522
          0.499
          0.523
          0.534
          0.501
          0.499
          0.487
          0.469
          0.502
          0.463
          0.453
          0.474
           0.45
          0.462
          0.412
          0.405
          0.436
          0.468
          0.435
          0.406
          0.405
          0.432
          0.427
          0.352
            0.4
          0.385
          0.435
          0.375
          0.405
          0.385
          0.393
          0.372
          0.372
          0.371
          0.371
          0.356
          0.343
          0.348
          0.336
          0.355
          0.315
          0.333
           0.33
          0.329
          0.332
          0.323
          0.317
          0.331
          0.345
          0.305
          0.286
          0.315
          0.333
          0.326
          0.286
          0.317
          0.273
          0.292
          0.262
          0.279
          0.273
          0.261
           0.27
           0.28
          0.286
          0.269
          0.274
          0.257
          0.268
           0.24
          0.262
           0.27
          0.279
          0.231
          0.261
          0.256
          0.211
          0.239
          0.255
          0.251
          0.233
           0.23
          0.213
          0.256
           0.24
          0.216
          0.202
          0.208
          0.265
          0.188
          0.215
          0.205
          0.217
          0.194
          0.192
           0.19
          0.236
          0.213
          0.191
          0.188
          0.192
          0.189
            0.2
          0.188
          0.168
          0.211
          0.184
          0.205
          0.174
          0.173
          0.201
          0.158
          0.177
          0.184
          0.181
          0.159
          0.194
          0.193
          0.205
          0.158
          0.167
          0.173
           0.17
          0.168
          0.175
          0.148
          0.161
          0.141
          0.158
          0.164
          0.124
          0.132
          0.152
          0.143
          0.158
          0.167
          0.149
          0.144
          0.136
          0.141
           0.14
          0.138
          0.152
          0.153
          0.162
          0.135
           0.13
          0.111
          0.143
          0.158
          0.156
          0.131
          0.115
          0.138
          0.124
          0.125
          0.117
          0.131
           0.13
           0.13
          0.122
          0.128
          0.124
          0.134
          0.124
          0.152
          0.133
          0.107
          0.133
           0.13
           0.11
          0.103
          0.101
          0.117
          0.118
          0.125
           0.09
          0.105
          0.109
          0.119
          0.121
          0.099
          0.107
          0.126
          0.108
          0.115
          0.113
          0.111
          0.112
          0.108
          0.113
          0.109
          0.101
          0.105
          0.099
          0.098
          0.105
          0.091
          0.091
          0.105
          0.114
          0.106
          0.089
          0.091
          0.088
          0.109
          0.101
          0.077
          0.067
          0.079
          0.076
          0.093
           0.09
          0.081
          0.078
          0.079
          0.084
          0.086
          0.079
          0.069
          0.074
          0.078
          0.088
          0.081
          0.103
          0.079
          0.072
          0.078
          0.089
          0.082
           0.09
           0.09
           0.07
          0.073
          0.077
          0.071
          0.075
          0.093
          0.076
          0.079
          0.075
          0.071
          0.081
          0.077
          0.069
