              0
          9.988
          9.678
          9.507
          9.229
          8.844
          8.824
          8.681
          8.375
          8.207
          7.955
           7.64
          7.673
          7.424
          7.266
          7.209
          6.737
          6.894
          6.686
          6.474
          6.399
          6.237
          6.018
          5.857
          5.775
          5.736
          5.434
          5.386
          5.138
          4.995
          4.957
          4.903
          4.614
          4.532
          4.663
          4.459
          4.373
          4.388
          4.228
          4.006
          3.964
          3.723
          3.646
          3.692
           3.66
          3.481
          3.488
          3.357
          3.343
          3.225
          3.194
          3.101
          2.967
          2.922
          2.842
          2.821
          2.721
          2.627
          2.621
           2.55
          2.514
          2.462
          2.407
          2.327
          2.283
            2.2
          2.166
          2.175
          2.161
          2.112
          2.023
          1.931
          1.927
          1.895
          1.846
          1.768
          1.854
           1.79
          1.668
          1.633
          1.588
          1.614
          1.509
          1.612
          1.501
          1.485
          1.439
          1.448
          1.403
          1.321
          1.277
          1.286
          1.271
          1.203
          1.236
          1.247
          1.133
          1.161
          1.055
          1.057
          1.003
          1.047
          1.055
          0.979
          0.944
          0.866
          0.918
          0.935
          0.937
          0.873
          0.858
          0.855
          0.829
           0.85
          0.742
          0.805
          0.769
          0.786
          0.773
          0.719
          0.698
          0.719
          0.695
          0.714
           0.68
           0.69
          0.665
          0.689
           0.65
          0.617
          0.678
          0.611
           0.61
          0.609
          0.614
          0.578
           0.63
           0.55
          0.551
          0.553
          0.548
          0.556
          0.547
          0.533
          0.519
          0.486
           0.51
          0.495
          0.515
          0.497
          0.523
          0.477
          0.485
          0.466
          0.487
          0.455
          0.453
          0.451
          0.463
          0.417
           0.44
          0.434
          0.396
          0.407
           0.47
          0.433
          0.422
          0.422
            0.4
          0.411
          0.394
          0.418
          0.418
          0.374
          0.364
          0.359
           0.38
          0.347
          0.383
          0.356
          0.349
          0.333
           0.32
          0.355
          0.356
          0.348
          0.331
          0.326
          0.307
          0.344
          0.304
           0.34
          0.289
          0.308
          0.334
          0.322
          0.318
          0.295
          0.284
          0.289
          0.291
          0.317
          0.319
          0.285
          0.282
          0.291
          0.262
           0.28
          0.283
          0.264
          0.282
          0.279
          0.263
          0.231
          0.268
          0.254
          0.241
          0.268
          0.236
          0.223
          0.295
          0.276
          0.256
          0.247
          0.231
          0.258
          0.235
          0.257
          0.221
          0.245
          0.252
          0.235
          0.252
           0.23
          0.228
          0.221
          0.216
          0.235
            0.2
          0.205
          0.218
          0.195
          0.197
           0.21
          0.233
          0.216
          0.213
          0.196
           0.19
          0.175
          0.214
          0.216
          0.189
          0.202
          0.211
          0.183
          0.196
          0.192
          0.188
           0.18
          0.188
          0.174
          0.174
          0.173
           0.18
          0.181
          0.213
          0.188
          0.171
          0.168
          0.191
          0.161
           0.18
          0.157
          0.147
          0.172
          0.157
          0.172
           0.16
          0.161
          0.141
          0.143
          0.172
          0.179
          0.152
          0.166
          0.147
          0.155
          0.143
          0.149
          0.161
          0.137
          0.157
          0.169
          0.128
          0.146
          0.143
          0.138
          0.146
          0.145
          0.148
          0.134
          0.138
          0.136
          0.151
          0.137
           0.13
          0.138
          0.155
          0.138
          0.154
           0.15
          0.135
          0.126
          0.116
          0.139
          0.142
          0.136
          0.132
          0.129
          0.132
          0.133
          0.124
          0.135
          0.139
          0.112
          0.139
          0.134
          0.118
          0.121
          0.127
          0.113
          0.116
          0.117
          0.112
          0.116
          0.118
          0.132
          0.121
          0.132
          0.112
          0.124
          0.107
          0.098
          0.114
          0.134
          0.119
          0.129
           0.13
          0.113
          0.108
          0.109
          0.118
          0.118
          0.103
          0.106
          0.105
          0.107
          0.097
          0.108
          0.108
          0.101
           0.09
          0.084
          0.094
          0.105
          0.104
          0.114
          0.085
          0.086
          0.105
          0.095
           0.09
          0.097
          0.079
          0.101
          0.088
          0.096
          0.086
          0.089
          0.082
          0.088
          0.092
          0.096
          0.088
          0.078
          0.077
          0.106
           0.08
          0.121
          0.089
          0.098
          0.083
          0.082
          0.078
          0.092
           0.09
          0.087
          0.101
           0.09
          0.069
          0.069
          0.082
          0.083
          0.075
          0.086
          0.087
          0.075
           0.09
          0.074
          0.077
          0.086
          0.083
          0.089
          0.082
          0.092
          0.068
          0.083
          0.072
          0.082
           0.08
          0.081
          0.068
          0.085
          0.068
          0.062
          0.076
          0.084
          0.071
          0.075
          0.064
          0.065
          0.078
          0.071
          0.071
           0.07
          0.071
          0.076
          0.061
          0.068
           0.08
          0.061
          0.068
          0.063
          0.063
          0.082
          0.066
          0.065
          0.073
           0.08
          0.066
          0.074
          0.055
          0.075
          0.075
          0.061
          0.065
          0.077
          0.071
          0.066
          0.063
          0.056
          0.075
          0.059
          0.066
          0.084
           0.07
          0.059
          0.075
          0.068
          0.077
          0.063
          0.044
          0.075
          0.066
          0.054
          0.049
          0.056
          0.067
          0.051
          0.044
          0.048
          0.056
          0.062
          0.061
          0.059
           0.07
          0.061
          0.051
          0.056
          0.055
          0.046
          0.062
          0.057
          0.058
          0.052
          0.065
          0.048
          0.053
           0.05
          0.047
          0.057
          0.054
          0.055
          0.066
           0.05
          0.058
          0.048
          0.043
           0.05
          0.047
          0.048
          0.063
          0.058
          0.052
          0.037
          0.058
          0.046
          0.037
           0.04
           0.06
          0.056
          0.062
           0.06
          0.068
          0.049
          0.055
          0.065
           0.04
          0.035
          0.044
          0.049
           0.04
          0.053
          0.042
           0.05
          0.044
          0.053
          0.047
          0.043
           0.04
          0.039
          0.043
          0.041
          0.049
          0.045
          0.057
          0.049
          0.057
          0.039
           0.04
           0.03
          0.054
          0.042
          0.041
          0.054
          0.047
          0.038
          0.048
          0.044
          0.049
          0.049
          0.041
          0.061
          0.037
           0.04
          0.039
          0.029
          0.027
          0.041
          0.037
          0.043
          0.036
          0.035
          0.045
          0.045
          0.041
           0.04
          0.049
          0.048
           0.04
          0.045
          0.032
          0.041
          0.034
          0.046
          0.046
           0.04
          0.042
          0.042
          0.038
          0.037
          0.038
          0.054
          0.038
          0.049
          0.036
          0.029
          0.039
          0.038
          0.045
          0.039
          0.037
          0.034
          0.038
          0.034
          0.049
          0.032
          0.039
          0.049
          0.035
          0.035
          0.038
          0.041
          0.041
          0.042
          0.043
          0.043
          0.047
           0.04
          0.042
           0.05
           0.04
          0.023
          0.033
          0.029
           0.03
          0.032
          0.036
          0.034
          0.048
          0.035
          0.032
          0.028
          0.031
          0.029
           0.04
          0.027
          0.038
          0.038
          0.041
          0.046
          0.037
          0.038
          0.031
          0.034
          0.032
          0.035
          0.028
          0.029
          0.037
          0.028
          0.029
          0.033
          0.036
           0.03
          0.029
          0.027
          0.031
          0.025
          0.036
          0.033
          0.037
          0.031
          0.038
          0.033
          0.021
          0.033
          0.029
          0.022
          0.025
          0.032
          0.035
          0.034
           0.03
          0.036
           0.03
          0.023
          0.022
          0.038
           0.03
          0.019
          0.035
          0.042
          0.022
          0.026
          0.029
          0.028
           0.03
          0.033
          0.032
          0.025
           0.03
          0.024
           0.03
          0.021
          0.024
          0.033
           0.03
          0.021
          0.035
          0.028
          0.035
          0.027
          0.024
          0.022
          0.019
          0.032
          0.027
          0.023
          0.032
          0.022
          0.032
           0.02
          0.023
          0.021
          0.028
          0.025
           0.02
          0.024
          0.025
           0.02
          0.026
          0.021
          0.021
          0.021
          0.026
          0.022
          0.027
          0.034
          0.024
          0.022
