              0
          0.015
          0.143
          0.436
          0.902
          1.442
          1.976
          2.556
          3.088
           3.74
          4.055
          4.626
          4.891
          5.408
          5.773
          6.024
          6.351
          6.739
          6.967
          7.253
          7.522
          7.758
          7.941
          7.963
          8.121
          8.098
          8.339
          8.304
          8.422
           8.57
           8.58
          8.476
          8.754
          8.618
          8.697
          8.781
          8.593
          8.752
          8.601
          8.574
          8.687
          8.508
          8.554
          8.552
          8.561
          8.372
          8.308
          8.311
          8.498
           8.32
          8.187
          7.998
          7.954
          7.949
          7.924
          7.905
          7.615
          7.671
          7.733
          7.548
          7.534
           7.44
          7.562
          7.099
          7.115
          7.044
          7.084
           7.05
          6.726
          6.717
          6.617
          6.601
          6.656
          6.316
          6.387
          6.266
           6.22
          6.151
          5.975
          5.921
            5.8
          6.077
          5.692
          5.607
          5.606
          5.492
          5.413
          5.345
          5.307
          5.159
          5.271
          5.132
          5.187
          5.044
          4.833
          4.729
          4.863
          4.823
          4.666
          4.538
          4.503
           4.51
          4.311
          4.256
          4.267
          4.155
          4.129
          4.124
          4.021
          3.958
          3.732
          3.805
          3.776
          3.636
          3.668
          3.621
          3.621
          3.609
          3.433
          3.409
          3.465
          3.354
          3.268
          3.299
          2.992
          3.079
          3.026
          3.054
          3.037
          2.952
           2.95
          2.931
          2.832
          2.676
          2.745
          2.691
          2.552
          2.559
          2.577
          2.611
          2.515
          2.426
          2.513
           2.41
          2.428
          2.326
          2.218
          2.273
          2.294
            2.2
          2.219
          2.153
          2.157
          2.091
          2.159
          2.073
          1.983
           2.04
          1.959
          1.932
          1.953
          1.915
          1.879
          1.809
          1.875
          1.807
          1.791
          1.819
          1.681
           1.74
          1.744
           1.71
          1.749
          1.608
          1.611
          1.606
          1.559
          1.511
          1.551
          1.485
          1.479
          1.469
          1.399
          1.432
          1.415
          1.449
          1.386
          1.389
          1.321
          1.355
          1.347
          1.308
          1.312
          1.306
          1.332
          1.254
          1.224
          1.257
          1.198
          1.174
          1.219
          1.098
          1.225
           1.12
          1.103
          1.135
          1.163
          1.139
          1.106
          1.129
          1.045
          1.032
          1.062
          1.009
          1.007
          1.005
          1.012
          0.974
          0.993
          0.951
          0.951
          0.995
          0.952
          0.952
          0.907
          0.906
          0.845
          0.885
           0.88
          0.859
          0.878
          0.874
          0.857
          0.863
          0.797
          0.781
          0.771
           0.83
          0.748
          0.835
          0.742
          0.802
          0.781
          0.757
           0.77
          0.709
          0.703
          0.668
          0.706
          0.722
          0.703
          0.687
          0.655
          0.653
          0.694
          0.629
          0.685
          0.634
           0.65
          0.674
          0.612
          0.571
          0.625
          0.589
          0.627
          0.576
          0.571
          0.567
          0.542
          0.568
          0.559
           0.55
          0.558
           0.49
          0.532
          0.534
          0.541
           0.53
          0.559
          0.493
          0.528
          0.506
          0.506
          0.484
          0.489
          0.489
          0.482
          0.456
          0.484
          0.472
          0.448
           0.46
          0.432
          0.458
          0.454
          0.452
          0.452
          0.436
          0.428
          0.426
          0.426
            0.4
          0.359
            0.4
            0.4
          0.352
          0.388
          0.388
          0.405
          0.427
          0.371
          0.405
          0.357
          0.349
          0.319
           0.34
          0.368
           0.34
          0.339
          0.325
          0.368
          0.357
          0.335
          0.328
          0.333
          0.318
          0.324
          0.315
          0.284
          0.287
          0.303
          0.318
          0.316
          0.291
          0.275
          0.292
          0.298
          0.262
          0.302
          0.268
          0.303
          0.283
          0.287
          0.276
          0.301
          0.272
          0.252
          0.265
          0.258
          0.266
          0.266
          0.266
          0.246
          0.237
          0.259
          0.243
           0.24
          0.221
           0.25
          0.203
          0.216
          0.218
          0.236
          0.205
          0.226
          0.203
          0.229
           0.24
          0.217
          0.211
          0.235
          0.184
          0.217
          0.216
          0.198
          0.199
          0.201
          0.194
          0.204
          0.197
          0.198
           0.17
          0.187
          0.168
          0.182
          0.175
           0.18
          0.176
          0.184
          0.201
          0.154
          0.198
          0.145
           0.17
          0.153
          0.155
          0.145
          0.174
          0.158
          0.147
          0.134
          0.157
          0.167
          0.167
          0.156
          0.126
          0.151
          0.139
          0.152
          0.136
          0.142
          0.127
          0.123
          0.125
          0.132
          0.156
          0.131
           0.13
          0.135
          0.141
          0.122
          0.125
          0.138
          0.116
          0.114
          0.107
          0.115
          0.111
          0.108
          0.113
           0.12
          0.101
          0.133
          0.093
          0.112
          0.118
          0.109
          0.107
