              0
         12.919
         12.572
         12.573
         12.228
          12.02
          11.73
         11.636
          11.58
         11.309
         11.152
         11.034
         10.877
         10.621
         10.569
         10.373
         10.269
         10.269
          9.981
          9.891
          9.731
          9.631
          9.276
          9.185
          9.226
          9.022
          8.997
          8.801
          8.705
          8.606
          8.656
          8.285
           8.28
          8.211
          8.219
          7.855
          7.772
          7.782
          7.636
          7.548
          7.291
          7.326
          7.324
          6.937
          7.044
          6.875
           6.73
          6.731
          6.473
          6.593
          6.352
          6.269
          6.149
          6.189
          6.143
          5.936
          5.925
          5.904
          5.777
          5.621
          5.553
          5.531
          5.435
          5.316
          5.108
          5.277
          5.163
          4.989
          5.037
          4.906
           4.83
           4.93
          4.801
           4.75
          4.641
          4.584
           4.59
           4.31
          4.405
          4.318
          4.314
          4.205
           4.13
           4.04
          4.144
          3.993
          4.015
          3.932
          3.813
          3.796
          3.854
          3.776
          3.444
          3.567
          3.502
           3.47
          3.386
          3.356
          3.389
          3.261
          3.294
          3.285
          3.133
          3.091
          3.117
          3.033
          2.961
          2.948
          2.865
            2.9
          2.732
           2.74
          2.864
          2.831
          2.717
          2.667
          2.641
          2.656
          2.682
          2.533
          2.552
           2.53
          2.515
          2.515
          2.436
          2.436
           2.32
           2.31
          2.349
          2.257
          2.287
          2.212
          2.189
          2.203
           2.16
          2.047
          2.122
          2.097
          2.025
           2.04
          1.884
          1.957
          1.968
          1.896
          1.939
          1.984
          1.856
          1.814
          1.692
          1.853
           1.82
          1.818
          1.744
          1.733
           1.68
          1.669
          1.684
          1.586
          1.544
          1.505
          1.625
          1.588
          1.542
          1.563
          1.485
          1.424
          1.525
          1.493
          1.492
          1.455
           1.38
          1.415
          1.335
          1.402
          1.385
          1.347
          1.292
          1.333
          1.238
          1.257
          1.251
          1.314
          1.218
          1.175
          1.264
          1.236
          1.213
          1.209
          1.211
          1.124
          1.126
           1.11
          1.081
          1.104
          1.112
          1.068
          1.032
          1.039
          1.018
          1.037
          1.035
          0.991
          1.024
          1.003
          0.961
          0.965
            0.9
          0.893
          0.938
          0.976
          0.923
          0.934
           0.91
          0.875
          0.892
          0.851
          0.825
          0.815
          0.828
          0.788
          0.817
          0.852
          0.819
          0.826
           0.73
          0.788
          0.771
          0.777
          0.737
          0.738
          0.711
          0.775
          0.705
          0.728
          0.708
          0.671
           0.69
          0.664
          0.708
          0.677
          0.679
          0.672
          0.669
          0.665
          0.632
          0.625
          0.641
           0.61
          0.646
          0.604
          0.605
          0.617
           0.58
          0.576
          0.581
          0.571
           0.59
          0.614
          0.531
          0.552
           0.53
          0.583
          0.566
          0.539
          0.536
          0.532
          0.566
          0.542
          0.536
          0.501
          0.522
          0.483
           0.44
          0.488
          0.502
          0.514
          0.475
          0.496
          0.473
          0.463
          0.459
          0.447
          0.466
           0.47
          0.473
          0.417
          0.429
          0.414
          0.437
          0.395
          0.381
          0.447
          0.427
          0.428
          0.383
           0.42
          0.395
          0.379
          0.331
           0.39
          0.372
          0.374
          0.351
          0.381
          0.408
          0.358
          0.326
          0.354
          0.357
          0.377
          0.377
          0.385
          0.341
          0.305
          0.327
          0.336
          0.317
          0.315
          0.305
          0.324
          0.303
          0.315
          0.334
          0.303
          0.338
          0.293
          0.296
          0.286
          0.285
          0.297
          0.296
          0.279
          0.289
          0.284
          0.282
          0.279
          0.258
          0.278
          0.277
          0.274
          0.252
          0.283
          0.261
           0.26
          0.264
          0.263
          0.231
          0.291
          0.261
           0.26
          0.222
          0.264
          0.252
          0.265
          0.216
          0.236
          0.254
          0.226
          0.253
          0.242
          0.213
          0.205
          0.218
           0.21
          0.242
          0.204
          0.215
          0.183
          0.191
          0.241
          0.192
          0.193
          0.218
          0.211
          0.206
          0.203
          0.239
          0.204
          0.195
          0.205
          0.186
          0.197
          0.195
          0.201
          0.186
          0.185
          0.198
          0.189
          0.188
          0.157
          0.166
          0.184
          0.178
          0.163
          0.193
          0.176
          0.172
          0.166
          0.169
          0.189
          0.177
          0.161
           0.16
          0.175
          0.159
          0.177
          0.165
          0.176
          0.141
          0.163
          0.156
          0.123
          0.168
          0.147
          0.139
          0.151
          0.146
          0.159
          0.153
          0.134
           0.16
          0.148
          0.145
           0.17
          0.149
          0.134
          0.153
          0.133
          0.124
          0.151
          0.132
          0.136
          0.135
          0.135
          0.124
          0.142
          0.125
          0.118
          0.128
          0.146
           0.13
           0.14
          0.132
          0.115
          0.113
          0.129
          0.131
          0.127
          0.119
            0.1
          0.122
          0.117
          0.131
          0.115
          0.107
          0.126
          0.123
          0.095
           0.11
          0.121
          0.114
          0.117
          0.119
          0.123
           0.09
          0.118
          0.101
          0.114
          0.106
          0.095
          0.112
          0.093
          0.101
          0.105
          0.097
          0.092
          0.098
          0.097
          0.097
          0.094
          0.119
          0.093
          0.074
          0.103
          0.092
          0.086
          0.088
          0.088
           0.09
          0.089
          0.087
          0.082
          0.096
           0.11
          0.077
          0.101
          0.091
          0.091
          0.086
          0.084
          0.069
          0.091
          0.094
           0.08
          0.076
          0.093
          0.097
          0.088
           0.08
          0.086
          0.087
          0.079
          0.071
          0.076
          0.085
          0.083
           0.08
          0.088
          0.084
          0.088
          0.081
          0.076
          0.076
          0.066
          0.075
           0.09
          0.066
          0.071
            0.1
          0.095
          0.076
           0.07
          0.071
          0.074
          0.072
           0.06
          0.058
          0.074
          0.077
          0.077
          0.073
          0.069
          0.061
          0.057
          0.064
          0.061
          0.068
          0.073
          0.069
          0.055
           0.07
          0.059
          0.068
          0.056
          0.064
          0.056
          0.052
          0.058
          0.071
          0.063
          0.052
          0.065
          0.067
          0.065
          0.066
          0.054
          0.056
          0.052
          0.061
          0.062
          0.074
          0.047
          0.053
          0.047
          0.052
          0.057
          0.073
          0.051
          0.047
          0.058
          0.049
          0.063
          0.056
          0.049
          0.049
          0.045
          0.057
          0.044
          0.063
          0.042
          0.053
          0.056
          0.056
          0.054
           0.04
           0.06
          0.054
          0.049
          0.043
           0.04
          0.051
          0.045
           0.04
           0.04
          0.052
          0.051
          0.051
          0.048
          0.037
          0.038
          0.045
          0.046
          0.042
          0.041
          0.051
          0.045
          0.039
          0.052
          0.053
           0.05
          0.043
          0.039
          0.047
          0.037
          0.042
           0.04
          0.041
          0.048
          0.038
          0.034
          0.041
          0.042
          0.036
          0.035
          0.037
          0.039
          0.037
          0.046
          0.039
          0.034
          0.043
          0.043
          0.045
          0.036
          0.044
          0.037
          0.037
           0.04
           0.04
          0.035
           0.04
          0.035
           0.04
          0.037
          0.043
          0.038
          0.046
          0.033
          0.034
          0.046
          0.037
           0.04
          0.031
          0.028
          0.036
          0.039
          0.028
          0.031
          0.045
          0.044
          0.039
          0.039
          0.033
          0.032
          0.029
          0.034
          0.035
           0.04
           0.03
           0.03
          0.034
          0.024
          0.029
          0.027
          0.036
          0.034
          0.027
           0.03
          0.034
          0.027
          0.035
           0.04
          0.037
          0.039
          0.026
          0.026
          0.016
          0.033
           0.03
          0.024
          0.032
          0.016
          0.039
          0.025
          0.035
          0.026
          0.031
           0.03
          0.027
          0.025
          0.036
          0.028
           0.03
          0.022
          0.022
          0.032
          0.031
           0.02
          0.032
          0.029
          0.028
          0.031
          0.034
          0.023
          0.025
          0.032
          0.032
          0.032
           0.03
          0.022
          0.027
          0.019
