              0
         10.555
         10.226
         10.274
         10.121
          9.932
          9.891
          9.557
          9.715
          9.415
          9.444
          9.489
          9.255
          9.056
          8.876
          9.274
          8.768
          8.663
          8.692
          8.477
          8.363
          8.334
           8.24
          8.054
          8.253
          7.991
          7.887
          7.809
          7.782
          7.711
          7.644
          7.573
          7.498
           7.38
          7.315
          7.272
          7.102
          7.034
          7.088
          6.943
          6.828
          6.764
          6.704
           6.67
          6.554
          6.386
          6.458
          6.342
          6.215
          6.126
           6.06
          5.926
          5.873
          5.905
          5.898
          5.745
           5.69
          5.701
          5.566
          5.608
          5.386
          5.339
           5.29
          5.398
          5.367
          5.175
          5.241
          5.048
          5.002
          5.022
           4.94
          4.852
          4.871
          4.709
           4.74
          4.595
          4.528
          4.482
          4.581
          4.427
          4.402
          4.309
          4.342
          4.221
          4.366
           4.24
          4.127
          4.058
           4.11
          4.079
          3.991
          3.944
          3.856
          3.817
          3.793
          3.807
          3.731
          3.648
          3.614
          3.538
          3.532
            3.5
          3.557
          3.517
          3.414
           3.42
          3.289
           3.33
          3.195
          3.342
          3.175
          3.202
           3.17
          3.043
          3.124
          3.023
          3.056
           2.97
          2.899
          2.901
          3.007
          2.932
          2.774
          2.837
          2.865
          2.766
          2.764
          2.597
          2.671
          2.643
          2.611
          2.671
          2.554
          2.444
          2.497
          2.548
          2.485
          2.586
           2.35
          2.338
          2.426
          2.407
          2.369
          2.351
          2.317
          2.311
          2.182
          2.268
          2.163
          2.137
          2.228
          2.186
          2.149
          2.103
          2.017
           2.05
          1.994
          2.024
           1.93
          2.015
          1.913
          1.935
          1.914
          1.905
          1.913
          1.852
          1.762
          1.812
          1.822
           1.74
          1.791
          1.829
          1.683
          1.765
          1.675
          1.684
          1.678
          1.656
          1.678
          1.648
          1.597
          1.543
          1.563
          1.601
          1.551
          1.575
          1.517
          1.465
          1.484
          1.399
          1.412
           1.37
          1.467
          1.368
          1.337
          1.344
          1.411
           1.33
          1.284
           1.37
          1.247
          1.314
           1.26
          1.313
          1.287
          1.282
          1.204
           1.23
          1.251
          1.249
           1.12
          1.206
           1.19
          1.134
          1.218
          1.193
          1.133
          1.081
          1.145
          1.058
          1.057
          1.073
          1.083
          1.037
          1.068
          1.028
          1.046
          1.052
          1.024
          1.021
          1.001
          0.993
          0.953
          0.992
          0.933
          0.922
          0.909
          0.933
           0.91
          0.883
          0.917
          0.903
          0.944
          0.891
           0.86
          0.836
          0.868
          0.839
          0.865
          0.829
          0.852
          0.824
          0.793
          0.781
          0.809
          0.779
           0.76
          0.755
          0.792
          0.766
          0.764
          0.763
          0.704
          0.666
          0.678
          0.743
          0.681
          0.665
          0.701
          0.668
          0.669
          0.645
          0.653
           0.62
          0.653
          0.652
          0.639
          0.605
          0.609
          0.628
          0.592
           0.62
          0.615
          0.564
          0.579
          0.593
          0.533
          0.563
          0.584
          0.577
          0.566
          0.558
          0.524
          0.538
          0.507
          0.554
          0.536
           0.55
          0.503
          0.505
          0.503
          0.509
          0.485
          0.545
          0.513
          0.477
          0.495
          0.478
          0.465
          0.458
          0.453
          0.447
          0.466
          0.441
          0.475
          0.444
            0.4
          0.415
           0.49
          0.407
           0.45
          0.431
          0.379
          0.426
          0.417
          0.385
          0.426
          0.399
          0.387
          0.362
          0.399
           0.35
          0.344
          0.382
          0.381
           0.35
          0.359
          0.345
          0.355
          0.341
           0.36
          0.372
          0.357
          0.321
          0.344
          0.334
          0.342
           0.31
          0.294
          0.309
          0.328
          0.311
          0.336
          0.347
          0.305
           0.31
           0.27
          0.292
          0.302
          0.304
          0.295
          0.292
          0.291
          0.289
          0.292
          0.257
          0.282
          0.266
           0.27
          0.261
          0.272
          0.271
          0.257
          0.253
          0.255
          0.254
          0.258
          0.249
          0.251
          0.241
          0.234
          0.247
           0.23
          0.217
          0.229
          0.199
           0.22
          0.211
          0.218
          0.232
            0.2
          0.187
          0.226
          0.198
          0.194
           0.21
          0.225
          0.239
          0.227
          0.178
          0.189
           0.19
          0.207
          0.181
           0.22
          0.176
          0.195
          0.211
          0.176
          0.188
          0.194
          0.193
          0.198
          0.206
          0.162
          0.161
          0.189
          0.167
          0.174
          0.187
           0.16
          0.174
          0.135
          0.153
          0.157
          0.159
          0.179
          0.136
          0.173
          0.135
          0.144
          0.147
          0.138
          0.155
          0.136
          0.142
          0.144
          0.133
          0.154
           0.13
          0.128
          0.106
          0.145
          0.139
          0.136
           0.13
          0.136
           0.13
          0.122
          0.125
          0.126
           0.11
          0.135
          0.116
          0.104
          0.113
          0.126
          0.111
          0.113
          0.121
          0.108
          0.103
          0.108
          0.105
          0.117
          0.089
          0.112
          0.084
          0.103
          0.097
          0.108
          0.102
          0.092
          0.106
          0.101
          0.109
          0.084
          0.102
          0.103
           0.09
          0.085
          0.091
          0.078
          0.086
          0.083
          0.074
          0.086
          0.069
          0.091
          0.078
          0.091
          0.074
          0.076
          0.078
          0.088
          0.085
          0.081
          0.085
          0.094
          0.066
          0.082
           0.08
          0.079
          0.069
          0.077
          0.069
          0.077
          0.076
           0.07
          0.043
          0.068
          0.054
           0.06
          0.081
          0.065
          0.078
          0.057
          0.043
          0.062
          0.055
           0.07
          0.064
          0.047
          0.058
           0.05
          0.061
          0.055
          0.056
          0.051
          0.058
          0.072
          0.057
          0.061
          0.053
          0.054
          0.041
          0.063
          0.052
          0.064
          0.046
          0.041
           0.06
           0.06
           0.04
          0.054
          0.041
          0.064
          0.036
          0.046
          0.051
          0.042
          0.037
          0.058
          0.043
          0.039
          0.043
          0.038
          0.043
          0.041
          0.049
          0.052
          0.037
          0.051
          0.042
          0.041
          0.036
          0.047
          0.031
          0.041
          0.045
          0.049
          0.038
          0.027
          0.035
          0.044
          0.037
          0.037
          0.031
          0.041
          0.039
          0.031
          0.033
          0.037
          0.029
           0.04
          0.031
          0.036
          0.037
          0.026
           0.04
          0.027
          0.032
          0.036
          0.028
          0.039
          0.024
          0.029
           0.02
          0.032
           0.03
          0.031
          0.025
          0.028
          0.033
           0.02
           0.03
          0.029
          0.035
          0.021
          0.021
          0.027
          0.025
          0.032
          0.034
          0.032
          0.031
          0.027
           0.02
          0.023
          0.026
          0.022
          0.023
          0.018
          0.022
          0.016
          0.015
          0.025
          0.024
          0.025
           0.02
           0.03
          0.019
          0.023
          0.016
          0.018
          0.017
          0.021
          0.033
          0.021
          0.016
          0.028
          0.017
          0.018
          0.019
          0.013
          0.018
          0.019
          0.014
          0.016
          0.016
          0.013
          0.013
          0.018
          0.029
          0.021
          0.017
          0.021
          0.013
          0.013
          0.028
          0.012
          0.011
          0.018
          0.023
          0.017
          0.011
          0.021
          0.015
          0.015
          0.016
          0.014
          0.011
          0.016
          0.021
          0.016
          0.018
           0.02
          0.023
          0.013
           0.01
          0.016
          0.019
          0.011
          0.015
          0.017
          0.018
          0.015
          0.011
          0.014
          0.009
          0.012
           0.01
          0.018
          0.016
          0.011
          0.009
          0.006
          0.014
          0.014
          0.012
          0.014
          0.006
           0.01
          0.009
          0.013
          0.008
          0.013
          0.009
          0.012
          0.006
          0.008
          0.008
          0.012
          0.009
          0.004
          0.004
          0.005
          0.008
          0.007
           0.01
           0.01
          0.008
           0.01
           0.01
          0.011
          0.013
          0.007
          0.009
           0.01
          0.007
           0.01
          0.008
