              0
         26.295
         25.759
         24.978
         24.546
         23.341
         22.831
         22.037
         21.438
         20.784
          20.14
         19.582
         18.925
         18.311
         17.852
         17.282
         17.103
          16.37
         15.949
         15.356
         15.097
          14.44
         14.106
         13.779
         12.978
         12.966
         12.576
         12.061
         11.782
         11.252
          11.02
          10.54
         10.414
         10.041
         10.056
          9.526
          9.436
          8.928
          8.647
          8.535
          8.192
           7.93
          7.771
          7.529
          7.371
          7.113
          6.776
          6.742
          6.487
          6.311
          6.121
          6.095
           5.88
          5.595
           5.52
          5.274
            5.2
          5.145
          4.914
           4.74
          4.652
          4.397
          4.449
          4.178
          4.081
          4.002
          3.896
          3.748
          3.629
          3.532
          3.396
           3.26
          3.217
          3.133
          3.141
          2.935
          2.933
          2.821
          2.744
          2.619
          2.535
          2.617
          2.391
          2.351
           2.36
          2.198
          2.132
          2.179
          2.134
          2.059
          1.963
          1.953
            1.9
          1.777
           1.74
           1.76
          1.716
          1.583
          1.551
          1.483
           1.52
          1.445
          1.363
          1.331
          1.346
          1.355
          1.282
          1.281
          1.165
           1.19
          1.194
          1.129
          1.193
          1.067
          1.069
          1.051
          1.024
          1.029
          0.967
          0.953
          0.911
          0.895
          0.927
          0.882
          0.856
           0.84
          0.811
          0.856
          0.831
          0.775
          0.813
          0.825
           0.77
          0.776
          0.762
          0.725
          0.745
          0.668
          0.664
          0.624
          0.688
          0.686
          0.643
          0.658
          0.609
          0.651
          0.636
          0.616
           0.57
          0.568
          0.541
          0.605
          0.602
          0.534
          0.547
          0.547
          0.507
          0.558
          0.567
          0.519
          0.561
          0.507
          0.481
          0.508
          0.491
          0.475
          0.477
          0.504
          0.462
          0.466
          0.437
          0.415
          0.456
          0.428
          0.468
          0.412
          0.428
          0.442
          0.447
          0.458
          0.455
          0.388
          0.394
          0.374
          0.394
          0.366
          0.413
          0.349
          0.369
            0.4
          0.355
          0.362
          0.356
          0.378
          0.339
          0.394
          0.317
          0.295
          0.355
          0.361
          0.341
          0.344
          0.363
          0.374
          0.335
          0.318
          0.299
          0.315
          0.333
          0.347
          0.287
          0.277
          0.321
          0.315
          0.282
          0.276
          0.285
          0.297
          0.281
          0.289
          0.296
          0.304
          0.275
          0.282
          0.259
          0.275
            0.3
          0.267
          0.265
           0.28
          0.253
          0.238
           0.25
          0.236
          0.233
          0.255
          0.249
          0.258
          0.231
          0.255
          0.236
          0.247
          0.226
          0.216
          0.225
          0.223
          0.236
          0.239
          0.205
          0.237
          0.222
           0.25
          0.236
          0.211
          0.226
          0.214
          0.198
          0.202
          0.211
           0.21
          0.216
           0.21
           0.19
          0.195
          0.191
          0.202
           0.19
          0.211
          0.204
          0.194
          0.197
          0.188
          0.213
           0.19
          0.195
          0.185
          0.154
          0.168
          0.169
          0.181
          0.169
          0.162
          0.197
          0.166
          0.169
          0.166
          0.155
          0.189
           0.16
          0.179
          0.181
          0.151
          0.178
          0.182
          0.167
          0.149
          0.165
          0.156
          0.136
          0.142
          0.141
           0.15
          0.185
           0.14
          0.153
          0.147
          0.157
          0.137
          0.147
          0.138
          0.147
          0.148
          0.158
          0.131
          0.137
          0.143
          0.158
          0.141
          0.136
          0.155
          0.128
          0.146
          0.126
          0.129
          0.129
          0.155
          0.135
          0.134
           0.14
          0.123
          0.139
           0.14
          0.139
          0.108
          0.112
          0.134
          0.131
          0.122
          0.126
          0.138
          0.129
          0.131
          0.119
          0.141
          0.111
           0.13
          0.122
          0.108
          0.121
           0.11
          0.105
          0.128
          0.108
          0.124
          0.117
          0.127
          0.107
          0.111
          0.105
          0.096
          0.112
          0.101
          0.126
          0.106
          0.112
          0.124
          0.112
          0.117
          0.108
          0.094
          0.125
          0.098
          0.101
          0.108
          0.117
          0.112
          0.105
          0.105
           0.09
          0.077
            0.1
          0.098
          0.104
          0.098
          0.112
          0.108
          0.091
          0.104
          0.082
           0.09
          0.089
          0.096
          0.094
          0.082
          0.099
          0.094
            0.1
          0.094
          0.086
          0.108
          0.103
          0.082
          0.081
          0.081
          0.095
          0.096
          0.091
          0.082
          0.081
          0.092
          0.078
          0.088
          0.079
          0.095
          0.088
          0.075
          0.072
          0.097
          0.079
          0.076
          0.095
          0.088
          0.099
          0.095
          0.092
          0.076
          0.072
           0.07
           0.09
          0.079
          0.072
          0.094
          0.099
          0.086
          0.074
          0.072
          0.081
          0.076
          0.086
          0.069
          0.088
          0.067
           0.07
          0.091
          0.075
          0.063
          0.067
          0.064
          0.088
          0.081
          0.068
          0.064
          0.072
          0.081
          0.072
          0.079
          0.074
          0.064
          0.093
           0.08
          0.076
          0.074
          0.069
          0.075
          0.075
          0.071
          0.066
          0.062
          0.062
          0.064
          0.062
          0.064
          0.073
          0.073
          0.065
          0.068
          0.053
          0.069
          0.078
          0.071
           0.06
          0.061
          0.058
          0.068
           0.06
          0.065
          0.052
          0.074
          0.068
          0.062
          0.061
           0.08
           0.07
          0.073
          0.059
           0.06
          0.049
          0.057
          0.058
          0.069
          0.058
          0.058
          0.059
          0.059
          0.061
          0.057
          0.057
          0.062
          0.057
          0.062
          0.049
          0.049
          0.059
          0.049
           0.06
           0.05
          0.055
          0.065
          0.065
          0.043
          0.054
          0.058
          0.059
          0.051
          0.075
          0.058
          0.055
          0.048
          0.043
          0.054
          0.058
          0.065
          0.056
          0.044
           0.07
          0.067
          0.047
          0.047
          0.048
          0.052
          0.054
          0.047
          0.036
          0.055
          0.063
           0.05
          0.058
          0.054
           0.04
          0.045
          0.057
          0.042
          0.049
          0.055
          0.047
           0.05
          0.051
          0.055
          0.049
          0.038
          0.046
           0.06
          0.048
          0.037
           0.06
          0.043
          0.044
          0.035
          0.044
          0.046
          0.035
          0.047
          0.045
           0.05
          0.042
          0.049
          0.036
          0.036
          0.045
          0.029
          0.045
          0.052
          0.051
          0.045
          0.054
          0.045
          0.045
          0.043
          0.032
          0.034
          0.041
           0.04
          0.036
          0.041
           0.05
          0.044
          0.044
          0.031
          0.044
          0.051
          0.045
          0.035
          0.055
          0.045
           0.04
          0.049
          0.044
          0.037
          0.043
          0.041
          0.035
           0.04
          0.044
          0.037
          0.032
          0.047
          0.034
           0.04
          0.047
          0.039
          0.043
          0.032
          0.031
          0.029
          0.046
          0.055
          0.043
          0.046
          0.037
          0.029
          0.046
          0.044
          0.029
          0.032
          0.041
          0.032
          0.043
          0.046
          0.046
          0.028
          0.034
          0.042
          0.031
          0.036
          0.035
          0.032
          0.036
          0.027
          0.035
          0.037
          0.041
          0.041
          0.032
          0.037
           0.04
          0.033
          0.044
          0.032
          0.034
          0.035
          0.029
          0.039
          0.028
          0.032
          0.034
          0.037
           0.04
          0.035
          0.031
          0.036
          0.033
          0.027
          0.033
           0.04
          0.041
          0.047
          0.041
           0.03
           0.03
          0.031
          0.025
           0.04
          0.034
          0.038
          0.026
          0.028
          0.046
          0.049
          0.034
          0.035
          0.033
          0.024
          0.036
          0.022
          0.042
          0.046
          0.033
          0.037
           0.04
          0.045
          0.039
          0.032
          0.033
          0.027
          0.036
           0.03
           0.03
          0.025
          0.029
          0.027
          0.034
           0.04
          0.029
          0.027
          0.026
          0.046
           0.03
          0.028
           0.02
          0.043
          0.029
          0.031
          0.028
           0.03
          0.031
          0.024
          0.025
           0.03
          0.034
          0.034
          0.032
          0.039
