              0
          0.003
           0.07
          0.238
          0.492
          0.779
          1.139
           1.57
          2.012
           2.36
          2.622
          3.153
           3.42
          3.762
          4.072
            4.4
          4.578
          4.912
          5.207
          5.595
           5.68
          5.941
          6.082
          6.117
          6.609
          6.569
          6.505
          6.793
          6.933
          7.011
          7.154
          7.176
          7.294
          7.548
           7.56
          7.292
          7.502
           7.63
          7.689
           7.65
          7.697
           7.73
           7.84
          7.829
          7.685
          7.584
          7.769
          7.585
          7.796
          7.656
          7.661
          7.718
          7.571
          7.571
          7.463
           7.68
          7.518
          7.277
          7.365
          7.464
          7.309
          7.383
          7.132
           7.18
          7.215
          6.995
          6.978
          6.978
          6.944
          6.941
          6.862
          6.817
          6.698
          6.848
           6.84
          6.713
          6.494
          6.446
          6.465
          6.358
          6.427
          6.244
          6.154
          6.137
            6.2
          6.047
          6.184
            5.9
          5.882
          5.876
          5.774
          5.841
          5.605
          5.715
          5.548
          5.574
          5.535
          5.422
          5.305
          5.293
          5.205
          5.227
          5.208
          5.118
          4.954
          4.941
          4.958
          4.856
          4.867
          4.686
          4.671
          4.685
          4.621
          4.492
          4.567
          4.425
          4.531
          4.376
          4.389
          4.196
          4.267
          4.175
          4.217
          4.064
          3.795
          3.884
           3.82
          3.815
           3.81
          3.693
          3.702
          3.708
          3.601
          3.594
          3.533
          3.508
          3.345
          3.415
          3.346
           3.38
           3.26
          3.308
          3.178
          3.199
          3.167
          3.115
          2.956
          2.975
          3.021
          2.914
           2.87
           2.82
          2.898
           2.88
          2.754
          2.672
          2.739
          2.491
          2.533
          2.628
          2.463
           2.49
          2.446
          2.523
           2.43
          2.424
          2.372
          2.345
          2.252
           2.31
          2.276
          2.236
          2.142
          2.143
          2.029
          1.978
            2.1
          2.027
          1.959
          1.884
          2.019
           1.87
          1.856
          1.882
           1.87
          1.836
            1.7
          1.771
          1.742
          1.766
          1.708
          1.611
          1.605
           1.63
          1.607
          1.546
            1.5
           1.57
          1.502
          1.539
          1.415
          1.487
          1.374
          1.423
          1.372
           1.38
          1.375
          1.409
          1.296
           1.37
          1.285
          1.263
          1.192
          1.166
            1.2
          1.264
          1.149
          1.173
           1.13
          1.092
          1.084
           1.02
          1.098
          1.065
          1.117
           1.03
          1.036
          0.978
          0.957
          0.973
          0.948
          0.967
          0.927
          0.878
          0.931
          0.829
          0.854
          0.894
          0.857
          0.797
          0.826
          0.769
          0.778
          0.722
          0.761
          0.768
          0.751
          0.766
          0.714
          0.743
           0.73
          0.693
          0.695
          0.679
          0.743
          0.649
          0.617
          0.646
          0.606
          0.598
           0.65
          0.584
          0.584
          0.572
          0.555
          0.534
          0.537
          0.531
          0.562
           0.51
          0.503
          0.519
          0.483
          0.498
          0.463
          0.483
          0.485
          0.504
          0.466
          0.476
          0.439
          0.446
          0.465
           0.41
          0.411
          0.415
           0.38
          0.397
          0.348
          0.379
          0.339
          0.365
          0.401
           0.37
          0.361
          0.358
          0.335
           0.35
          0.325
          0.328
          0.344
          0.337
          0.334
          0.326
          0.311
          0.297
          0.294
          0.295
          0.279
          0.318
          0.271
          0.263
          0.286
          0.287
          0.263
          0.238
          0.243
          0.243
          0.232
          0.249
          0.249
          0.207
          0.227
          0.208
          0.217
          0.209
          0.211
          0.209
          0.221
          0.175
          0.188
          0.195
          0.163
           0.23
          0.177
          0.173
          0.203
           0.18
           0.17
          0.188
          0.161
           0.16
          0.156
          0.172
          0.153
          0.155
          0.164
          0.123
          0.174
           0.14
          0.153
          0.135
          0.142
          0.139
          0.128
          0.129
          0.136
          0.118
          0.119
          0.143
          0.095
          0.111
          0.116
          0.125
          0.114
          0.116
          0.123
          0.101
          0.116
           0.09
          0.103
          0.113
          0.097
           0.12
           0.09
          0.088
          0.081
          0.095
          0.085
          0.084
          0.097
          0.086
          0.094
          0.081
          0.068
          0.075
          0.093
          0.072
          0.079
          0.077
          0.067
          0.088
          0.089
          0.049
          0.083
          0.065
          0.065
           0.06
           0.06
          0.053
          0.057
          0.057
          0.062
          0.052
          0.067
          0.064
          0.069
          0.083
          0.057
          0.058
           0.05
          0.046
          0.056
           0.05
          0.034
          0.044
          0.035
          0.041
          0.048
          0.055
          0.042
          0.039
          0.036
          0.041
          0.042
          0.033
          0.039
          0.047
          0.032
          0.034
          0.047
          0.035
          0.034
          0.027
          0.028
          0.041
          0.039
           0.03
