              0
          0.004
          0.076
          0.231
          0.473
           0.83
          1.192
          1.518
          1.965
          2.311
          2.746
          3.124
           3.61
          3.781
          3.963
           4.32
          4.807
           4.99
          5.235
          5.537
          5.689
          5.925
          5.992
           6.37
          6.319
          6.673
          6.779
          6.713
          6.906
           7.05
          7.116
          7.158
          7.393
          7.291
          7.542
          7.594
          7.524
          7.628
          7.546
          7.613
          7.645
          7.519
          7.711
          7.622
          7.717
          7.671
           7.61
          7.767
           7.53
           7.76
          7.564
          7.613
          7.599
          7.367
          7.497
          7.411
          7.408
          7.433
          7.531
          7.303
          7.439
          7.175
          7.273
           7.33
          7.295
          7.068
          7.159
          6.927
          6.876
          6.941
          6.914
          6.856
          6.847
          6.678
          6.582
           6.67
           6.67
          6.455
          6.452
          6.549
          6.516
          6.275
          6.284
          6.316
          6.262
          5.991
          5.978
          6.002
          6.136
          5.966
          5.759
           5.82
          5.689
          5.736
          5.699
          5.411
            5.6
          5.265
          5.386
          5.347
          5.068
          5.098
          5.026
          5.095
          4.961
          5.071
          4.789
           4.95
          4.809
          4.836
          4.698
          4.655
          4.589
          4.607
          4.479
          4.354
          4.382
          4.397
          4.384
          4.233
          4.205
          4.241
          4.104
          4.027
          3.967
          3.967
          3.902
          3.808
          3.779
          3.754
          3.797
          3.633
          3.618
          3.633
          3.481
          3.487
          3.464
          3.398
          3.298
          3.346
          3.358
          3.138
          3.197
          3.141
          3.086
          3.042
          3.003
          2.985
          3.003
          2.951
          2.833
          2.791
          2.867
          2.809
          2.788
          2.681
          2.643
           2.48
          2.624
          2.527
          2.525
           2.51
           2.47
          2.398
          2.324
           2.46
          2.384
          2.344
          2.262
          2.289
          2.225
          2.244
          2.138
          2.164
          2.084
          2.043
          1.982
           2.02
          1.986
          1.993
          1.924
          1.835
          1.883
          1.827
          1.849
          1.804
          1.814
           1.73
          1.783
          1.719
          1.741
          1.633
          1.618
          1.572
          1.526
          1.537
          1.576
          1.526
          1.512
            1.5
          1.479
          1.447
          1.424
          1.457
          1.437
          1.348
          1.394
          1.375
          1.307
          1.279
          1.282
          1.282
          1.221
          1.232
          1.168
          1.217
          1.203
           1.13
           1.17
           1.13
          1.169
          1.083
          1.123
          1.074
          1.058
          1.032
          1.001
          0.995
          0.971
          0.946
          0.938
          0.945
           0.93
          0.906
          0.897
          0.872
          0.889
          0.869
          0.822
          0.814
          0.817
          0.829
           0.83
          0.787
           0.77
          0.754
           0.73
          0.749
          0.748
          0.734
          0.699
          0.703
          0.694
          0.673
           0.61
          0.661
          0.607
          0.646
           0.66
          0.594
          0.616
          0.649
          0.566
          0.561
          0.534
           0.58
          0.549
          0.569
          0.529
           0.51
          0.559
            0.5
           0.48
            0.5
          0.437
          0.489
          0.499
          0.459
           0.48
          0.475
           0.46
          0.419
          0.395
          0.434
          0.423
          0.386
          0.444
          0.375
          0.376
          0.418
          0.388
          0.401
           0.38
          0.352
          0.357
           0.33
          0.354
           0.35
          0.327
          0.337
          0.332
          0.304
          0.319
          0.308
          0.294
          0.293
          0.291
          0.311
          0.287
          0.275
          0.277
          0.276
          0.268
          0.247
          0.241
          0.247
          0.223
          0.224
          0.251
          0.243
          0.223
          0.261
          0.239
          0.237
          0.212
          0.191
          0.226
          0.202
          0.225
          0.178
          0.195
          0.218
          0.204
          0.187
          0.201
          0.203
          0.164
           0.16
          0.154
          0.163
          0.182
          0.162
          0.155
          0.138
          0.168
          0.163
          0.154
          0.147
          0.162
          0.135
          0.161
           0.14
           0.15
          0.127
          0.135
           0.14
          0.134
          0.133
          0.123
          0.118
          0.126
          0.112
          0.105
          0.127
          0.128
          0.133
          0.111
          0.106
          0.103
          0.125
          0.123
          0.092
          0.115
          0.111
          0.105
           0.09
          0.077
          0.079
          0.086
          0.082
          0.082
          0.095
          0.071
          0.098
          0.086
          0.072
          0.079
           0.08
          0.063
          0.076
          0.077
          0.076
          0.076
           0.05
          0.061
          0.089
           0.08
          0.073
           0.07
          0.059
          0.067
          0.058
          0.059
          0.061
          0.066
          0.055
          0.057
          0.053
          0.051
          0.052
          0.056
          0.055
          0.049
           0.05
          0.039
          0.046
          0.048
          0.052
          0.041
           0.05
          0.042
          0.038
          0.032
          0.039
          0.028
          0.043
           0.03
          0.041
          0.035
          0.041
          0.026
          0.045
          0.034
          0.051
          0.019
          0.024
          0.037
          0.027
