              0
         10.934
         10.691
         10.619
         10.667
         10.344
         10.258
         10.096
          9.881
         10.024
          9.795
          9.545
          9.553
          9.589
          9.244
          9.306
          9.206
          9.006
          8.779
          8.846
          8.711
          8.724
          8.443
          8.394
          8.303
          8.284
          8.167
          8.095
           7.96
          7.798
          7.735
          7.774
          7.592
          7.408
          7.519
          7.194
          7.228
          7.236
          7.102
          6.833
          6.718
          6.952
          6.619
           6.62
          6.565
          6.569
          6.313
          6.365
          6.276
          6.209
          6.079
          6.023
          6.058
          6.061
          6.038
          5.754
          5.686
          5.679
          5.634
          5.584
          5.532
          5.413
          5.488
          5.281
          5.314
            5.2
          5.022
          5.089
           4.96
          4.904
           4.89
          4.755
          4.722
          4.764
          4.581
          4.499
          4.603
          4.444
          4.304
          4.349
          4.412
            4.3
          4.221
           4.14
          4.188
          4.059
          4.058
          3.964
          4.013
           3.94
          3.909
          3.816
          3.735
          3.835
          3.686
          3.596
          3.628
          3.547
          3.535
          3.581
          3.461
          3.396
          3.389
          3.287
          3.447
          3.209
           3.23
          3.164
          3.193
          3.046
          3.103
          3.086
          2.982
          2.971
          2.992
          2.896
          2.883
          2.899
          2.902
          2.822
           2.84
          2.707
          2.759
          2.785
          2.648
          2.505
          2.564
          2.637
          2.582
          2.509
          2.551
          2.446
          2.455
          2.426
          2.434
          2.357
          2.361
          2.286
          2.286
          2.352
          2.254
          2.293
          2.226
          2.245
          2.263
          2.211
          2.148
          2.127
           2.14
           2.13
          2.012
          2.053
           2.05
          1.998
          1.953
          1.941
          1.957
          1.927
          1.951
          1.882
          1.876
          1.855
          1.855
          1.796
          1.768
          1.743
          1.758
           1.77
          1.738
          1.727
          1.714
          1.746
          1.642
          1.689
          1.648
          1.631
           1.59
          1.613
           1.63
          1.537
          1.573
          1.588
          1.538
          1.526
          1.512
          1.487
          1.447
          1.454
          1.415
          1.422
          1.342
          1.348
          1.448
          1.412
          1.373
          1.314
          1.346
          1.368
          1.252
          1.284
          1.248
          1.285
          1.254
          1.183
          1.251
          1.176
          1.245
           1.21
          1.185
          1.195
          1.166
          1.152
          1.164
          1.185
          1.138
          1.137
          1.118
          1.125
          1.089
          1.073
           1.09
           1.11
          1.055
          1.055
          1.024
           0.97
          0.983
          1.003
          0.985
           0.98
          0.967
          0.988
          0.941
           0.93
          0.933
          0.955
           0.92
          0.957
          0.871
          0.882
          0.882
          0.914
          0.843
          0.893
          0.857
          0.806
          0.843
          0.809
           0.83
          0.807
          0.753
          0.794
            0.8
          0.777
          0.751
          0.731
          0.773
          0.768
          0.736
           0.75
          0.782
          0.742
          0.724
          0.731
          0.668
          0.718
          0.683
          0.662
          0.655
          0.699
          0.691
          0.621
          0.643
          0.666
          0.613
          0.635
          0.622
          0.625
          0.623
          0.616
          0.582
          0.576
          0.664
          0.596
          0.623
          0.619
          0.564
          0.562
          0.607
          0.543
           0.52
           0.52
          0.541
          0.553
          0.558
           0.51
          0.513
          0.567
          0.519
          0.487
          0.456
          0.491
          0.486
          0.471
           0.49
          0.532
          0.473
          0.469
          0.513
           0.45
          0.448
          0.483
          0.424
          0.434
          0.412
          0.447
          0.441
          0.434
           0.42
           0.41
          0.481
          0.385
          0.433
          0.417
          0.379
          0.427
          0.421
          0.395
          0.368
          0.381
          0.371
          0.378
          0.366
           0.35
          0.393
          0.337
          0.367
          0.358
          0.375
          0.368
          0.325
          0.365
           0.36
          0.325
          0.334
          0.333
          0.324
          0.335
          0.348
           0.32
          0.307
          0.315
          0.308
          0.304
          0.294
          0.305
          0.318
          0.304
          0.289
          0.321
          0.293
          0.316
          0.287
          0.266
          0.274
          0.274
           0.29
          0.267
          0.248
          0.257
           0.27
          0.267
          0.265
          0.264
          0.235
          0.245
          0.249
          0.264
          0.228
          0.233
           0.23
          0.225
          0.216
          0.233
          0.225
          0.201
          0.243
          0.228
          0.227
          0.252
          0.212
          0.208
            0.2
          0.224
          0.221
          0.214
          0.201
          0.201
          0.236
          0.192
          0.196
          0.192
          0.215
          0.175
          0.191
          0.194
          0.207
          0.192
           0.18
          0.176
          0.173
           0.17
          0.172
           0.16
          0.194
          0.171
          0.173
          0.173
          0.158
          0.151
          0.162
          0.168
          0.159
          0.144
          0.171
          0.169
          0.167
          0.135
          0.158
          0.137
          0.168
          0.154
          0.146
          0.168
          0.151
          0.133
          0.149
          0.129
          0.131
          0.136
          0.149
           0.12
          0.134
          0.149
          0.139
          0.134
          0.136
          0.121
          0.132
          0.118
          0.116
          0.116
          0.137
          0.123
          0.141
          0.127
           0.13
           0.13
          0.104
           0.11
          0.124
          0.123
           0.13
          0.127
          0.113
          0.102
          0.121
          0.101
          0.097
          0.096
          0.102
          0.113
          0.117
          0.101
          0.109
          0.108
          0.108
          0.095
          0.101
          0.095
          0.115
          0.089
          0.099
          0.099
          0.098
          0.101
          0.095
          0.101
          0.094
          0.087
          0.074
          0.087
          0.088
          0.089
          0.078
          0.089
          0.083
          0.079
          0.088
           0.08
          0.075
          0.075
          0.067
          0.081
          0.077
           0.07
          0.088
          0.085
          0.063
          0.074
          0.061
          0.089
          0.074
          0.072
           0.06
           0.07
          0.065
          0.061
          0.077
          0.054
          0.074
          0.062
          0.071
          0.065
          0.052
          0.057
          0.064
          0.058
          0.073
          0.066
          0.062
          0.053
          0.058
          0.061
          0.056
           0.05
          0.049
          0.053
          0.057
          0.057
          0.065
          0.058
          0.044
          0.058
          0.046
          0.051
          0.053
          0.054
          0.062
          0.072
          0.048
           0.05
          0.058
          0.053
          0.046
          0.045
          0.041
          0.045
           0.05
          0.052
          0.039
          0.039
          0.044
          0.043
          0.041
          0.048
          0.053
          0.039
           0.03
          0.043
          0.047
          0.051
          0.041
           0.04
          0.042
          0.033
           0.04
          0.045
          0.038
          0.059
          0.052
          0.038
          0.035
          0.047
          0.043
          0.038
          0.045
          0.041
          0.033
          0.034
          0.043
          0.034
          0.039
          0.038
          0.047
          0.033
          0.041
           0.04
          0.032
          0.033
          0.041
           0.03
          0.027
          0.031
           0.03
          0.037
          0.038
           0.03
          0.034
          0.039
          0.028
           0.03
          0.029
           0.03
          0.023
          0.028
          0.029
          0.024
          0.029
          0.029
          0.027
          0.021
          0.026
          0.031
          0.031
          0.023
          0.029
          0.026
          0.022
          0.031
          0.019
          0.021
          0.028
          0.025
          0.031
           0.02
          0.014
          0.025
          0.018
          0.023
          0.023
           0.03
          0.034
          0.024
          0.019
          0.017
          0.023
           0.02
          0.022
           0.02
          0.024
          0.022
          0.016
          0.018
          0.021
          0.023
          0.021
          0.015
          0.028
          0.027
          0.017
          0.018
           0.02
          0.017
          0.019
          0.016
          0.021
          0.018
          0.018
          0.015
           0.02
          0.026
          0.015
          0.017
          0.009
          0.023
          0.023
          0.022
          0.019
          0.014
          0.014
          0.025
          0.015
          0.019
          0.013
           0.02
          0.018
          0.018
          0.015
          0.012
          0.017
           0.02
          0.017
          0.009
          0.011
          0.015
          0.014
          0.012
          0.018
          0.015
          0.014
          0.014
          0.013
          0.011
          0.013
          0.016
          0.014
           0.01
          0.014
          0.012
           0.01
          0.014
          0.014
          0.021
          0.009
          0.012
          0.012
          0.008
          0.014
          0.014
          0.009
          0.012
          0.019
          0.015
          0.012
          0.012
          0.012
          0.011
          0.012
          0.009
          0.011
          0.008
