              0
         11.278
         11.069
         10.806
         10.733
         10.482
         10.475
         10.492
         10.147
         10.217
         10.029
          9.871
          9.843
          9.455
           9.55
          9.352
          9.471
          8.967
          9.117
          8.937
          8.774
          8.579
          8.678
          8.677
          8.296
          8.371
          8.351
          8.092
           7.96
          7.934
          7.815
          7.812
          7.665
          7.412
           7.42
          7.377
          7.202
          7.163
          7.152
          7.219
          7.074
          6.972
          6.988
          6.598
          6.781
          6.724
          6.563
          6.272
          6.293
          6.289
          6.136
          6.132
          6.123
          6.069
          5.889
          5.876
          5.837
          5.737
          5.669
           5.57
           5.45
            5.4
          5.381
          5.387
          5.317
          5.193
          5.168
          5.012
          5.022
          5.036
          4.871
          4.669
          4.675
          4.692
          4.708
          4.598
          4.645
          4.517
          4.434
          4.457
          4.329
          4.291
          4.243
          4.284
          4.128
          4.201
           4.07
          3.972
          4.033
          3.989
          3.926
          3.869
          3.786
           3.74
          3.664
          3.631
          3.551
          3.583
          3.631
          3.503
          3.453
          3.431
          3.541
          3.368
           3.36
           3.31
          3.298
          3.216
           3.15
          3.161
          3.152
          3.088
          2.967
           3.06
          3.026
          2.927
          2.903
          2.853
          2.915
          2.796
          2.759
          2.724
          2.743
          2.636
          2.699
          2.582
          2.549
          2.548
          2.526
          2.455
          2.481
          2.422
          2.431
          2.328
          2.425
          2.381
           2.28
          2.332
          2.258
          2.184
          2.303
          2.241
          2.067
           2.16
          2.131
          2.045
          2.142
          2.066
          2.061
          2.019
          2.017
          1.901
          1.978
          2.009
          1.903
          1.858
          1.883
          1.864
          1.922
          1.914
          1.802
          1.794
          1.785
          1.765
            1.7
          1.761
          1.717
          1.707
          1.725
          1.648
          1.592
          1.659
          1.635
          1.628
          1.558
          1.533
          1.554
           1.57
          1.535
           1.53
          1.516
          1.458
          1.453
          1.371
          1.385
          1.395
           1.41
          1.314
          1.363
          1.397
          1.353
          1.317
          1.287
          1.306
          1.298
          1.281
          1.289
          1.258
          1.238
          1.251
          1.199
          1.197
           1.14
          1.206
          1.137
          1.161
          1.103
          1.122
          1.078
          1.014
          1.045
          1.112
          1.097
          1.069
          1.133
          1.028
          1.057
          0.968
          1.001
          1.017
           0.96
          0.991
          0.931
          0.942
          0.945
          0.941
          0.946
          0.949
          0.909
          0.894
          0.892
          0.907
          0.869
          0.889
           0.85
          0.868
          0.861
          0.822
          0.893
          0.831
          0.814
          0.826
          0.842
          0.781
          0.793
          0.772
          0.795
          0.779
          0.778
          0.782
          0.733
          0.711
          0.712
          0.704
          0.654
          0.706
          0.718
           0.66
           0.67
          0.678
          0.657
           0.65
          0.673
          0.646
          0.615
          0.632
          0.646
          0.616
          0.647
          0.602
           0.62
          0.625
           0.65
          0.589
          0.556
          0.575
          0.609
          0.603
          0.574
          0.538
            0.6
          0.567
          0.586
          0.504
          0.497
          0.509
          0.542
          0.522
          0.515
          0.505
          0.486
          0.504
          0.555
          0.516
          0.471
          0.552
           0.49
          0.512
          0.472
           0.44
           0.51
          0.416
          0.481
          0.444
          0.429
          0.429
          0.395
          0.396
          0.436
          0.431
          0.443
          0.422
          0.448
          0.402
           0.42
          0.434
          0.392
          0.386
          0.402
          0.413
          0.387
          0.379
          0.401
          0.389
          0.374
          0.418
          0.348
          0.372
          0.382
          0.362
          0.351
          0.376
          0.324
          0.348
           0.35
          0.344
          0.323
          0.326
          0.329
          0.341
          0.362
          0.326
          0.314
          0.317
          0.333
            0.3
          0.335
          0.325
          0.324
          0.322
          0.338
            0.3
          0.308
          0.283
          0.297
          0.288
          0.262
          0.298
          0.265
          0.304
           0.28
          0.262
          0.267
          0.269
          0.269
          0.253
          0.269
          0.243
          0.258
          0.253
          0.253
          0.217
          0.256
          0.222
          0.235
          0.222
          0.251
          0.242
          0.259
          0.249
          0.233
          0.239
          0.211
          0.209
          0.239
          0.226
          0.208
          0.251
          0.222
          0.212
          0.212
          0.223
          0.229
          0.211
          0.199
          0.211
          0.194
          0.194
          0.208
          0.203
          0.203
          0.205
          0.212
          0.212
          0.193
          0.187
          0.196
          0.172
          0.183
          0.173
          0.189
          0.194
          0.178
          0.178
          0.189
          0.188
          0.207
          0.161
          0.168
          0.155
          0.154
          0.164
          0.169
          0.167
          0.186
          0.153
          0.161
          0.155
          0.168
          0.147
          0.175
          0.144
           0.15
          0.169
          0.149
           0.15
          0.165
          0.157
          0.143
          0.142
          0.142
          0.146
          0.135
          0.142
           0.12
          0.133
          0.132
          0.145
          0.155
          0.156
          0.126
          0.143
          0.152
          0.134
          0.109
          0.107
          0.137
          0.124
          0.134
          0.111
          0.118
          0.123
          0.148
          0.125
          0.127
          0.142
          0.101
          0.132
          0.113
          0.118
          0.109
          0.112
          0.094
          0.114
           0.11
          0.117
          0.101
           0.09
          0.095
           0.11
          0.115
           0.09
          0.097
          0.098
          0.104
          0.102
          0.088
          0.108
           0.11
          0.112
          0.103
          0.103
          0.109
          0.113
          0.107
          0.097
          0.078
          0.091
          0.094
          0.088
          0.085
           0.07
          0.077
           0.08
          0.083
          0.091
          0.096
          0.071
          0.079
          0.103
          0.082
          0.083
          0.084
          0.094
          0.086
           0.07
          0.071
          0.091
          0.082
          0.078
          0.087
          0.067
          0.078
          0.063
          0.089
          0.075
          0.078
          0.096
          0.068
          0.089
          0.071
          0.072
          0.061
          0.086
          0.075
          0.065
          0.057
          0.057
          0.068
          0.068
          0.071
          0.071
          0.061
          0.067
          0.072
          0.066
          0.077
          0.059
          0.059
          0.077
          0.062
          0.056
          0.059
          0.058
          0.074
           0.06
          0.067
          0.039
          0.063
          0.064
          0.062
          0.063
           0.05
          0.061
          0.051
          0.062
          0.058
           0.06
          0.057
          0.056
          0.052
          0.057
          0.049
          0.052
          0.062
          0.048
          0.066
          0.054
          0.045
          0.051
          0.049
          0.044
          0.057
          0.056
           0.05
          0.049
          0.044
          0.046
          0.049
           0.05
          0.041
          0.037
          0.052
          0.045
          0.054
          0.043
          0.046
          0.051
          0.042
          0.034
          0.041
          0.043
          0.041
          0.049
          0.042
          0.032
          0.046
           0.05
          0.047
          0.045
           0.05
          0.043
          0.047
          0.034
          0.042
          0.045
          0.033
          0.038
          0.035
          0.043
          0.056
          0.031
          0.037
          0.038
          0.036
          0.041
          0.044
          0.034
          0.028
          0.027
          0.034
          0.028
          0.037
           0.03
          0.039
          0.035
           0.03
          0.038
           0.04
          0.039
          0.042
           0.03
          0.034
          0.023
          0.039
          0.033
          0.022
          0.036
          0.029
          0.035
          0.027
          0.029
          0.034
           0.02
          0.034
          0.026
          0.021
          0.022
          0.035
          0.025
          0.026
          0.023
          0.041
          0.027
          0.027
          0.029
          0.036
           0.03
          0.022
          0.024
          0.023
          0.029
          0.029
          0.024
          0.028
          0.022
          0.027
          0.031
          0.026
          0.027
          0.025
          0.024
          0.035
          0.036
          0.023
          0.022
          0.024
          0.016
          0.021
          0.024
           0.03
          0.019
          0.032
          0.019
          0.022
          0.023
          0.027
           0.02
          0.019
          0.024
           0.02
           0.01
          0.021
          0.022
          0.018
          0.026
          0.021
          0.032
           0.02
          0.021
          0.015
          0.022
          0.014
          0.024
          0.022
          0.026
          0.026
          0.012
          0.012
           0.02
          0.017
           0.02
          0.025
          0.019
          0.022
          0.015
          0.017
          0.011
          0.013
          0.017
          0.013
          0.026
