              0
          0.006
          0.058
          0.215
           0.49
          0.798
          1.255
          1.571
          1.984
           2.42
          2.733
          3.252
          3.578
          3.927
          4.333
          4.591
          4.959
          5.161
          5.413
          5.599
          5.786
          6.038
           6.24
          6.511
          6.458
          6.774
          6.665
          6.957
          6.961
          6.928
          7.318
          7.244
          7.449
          7.373
          7.438
          7.581
          7.638
           7.66
          7.758
          7.698
          7.909
            7.7
          7.679
          7.768
          7.662
           7.76
          7.736
          7.737
          7.711
          7.722
          7.785
          7.659
          7.658
          7.684
           7.59
          7.685
          7.603
           7.34
          7.558
          7.634
          7.214
          7.267
          7.248
          7.262
          7.224
          7.151
          7.208
           7.03
          7.019
          6.942
          6.868
          6.792
          6.808
          6.625
          6.586
          6.625
          6.505
           6.44
          6.499
          6.417
          6.295
          6.276
          6.262
          6.081
          5.906
          5.983
          6.071
          5.791
          5.911
          5.826
          5.716
          5.727
           5.61
          5.517
          5.482
          5.488
          5.404
          5.218
           5.33
          5.149
          5.178
          5.082
          5.032
          5.064
          5.067
           4.79
          4.894
          4.777
          4.717
          4.562
          4.614
          4.609
            4.5
          4.431
          4.328
           4.42
          4.383
          4.197
          4.318
          4.112
          4.088
          4.103
          4.094
          3.923
          3.836
          3.896
          3.822
            3.8
          3.684
           3.63
          3.672
          3.552
          3.665
          3.545
          3.462
          3.412
          3.347
          3.332
          3.277
          3.239
          3.168
          3.185
          3.107
           3.09
          3.043
          3.012
          2.968
          2.984
          2.882
          2.874
          2.678
          2.794
          2.699
          2.742
          2.681
          2.818
          2.615
          2.651
          2.528
          2.425
          2.426
           2.47
          2.475
          2.388
          2.338
          2.339
          2.319
          2.283
          2.178
          2.226
          2.204
           2.15
          2.152
          2.098
          2.072
          2.076
          1.958
          1.952
          2.022
          1.959
          1.937
          1.923
          1.807
           1.86
          1.882
          1.691
          1.766
          1.648
          1.767
           1.72
          1.646
          1.668
          1.714
          1.532
          1.574
          1.555
          1.574
          1.579
          1.523
          1.498
          1.505
          1.499
          1.411
          1.401
          1.338
           1.41
           1.34
          1.344
          1.284
          1.279
          1.283
          1.234
          1.252
          1.233
          1.194
          1.213
          1.242
          1.158
          1.108
          1.089
          1.114
          1.076
          1.048
          1.111
          1.006
          0.982
           1.03
           1.01
          0.978
           0.91
          0.912
          0.913
           0.93
          0.892
          0.944
          0.913
          0.859
          0.891
          0.815
          0.838
          0.842
          0.783
          0.789
            0.8
          0.792
          0.798
          0.771
          0.762
          0.771
          0.744
          0.722
          0.717
          0.699
          0.664
          0.669
          0.632
          0.622
          0.658
          0.639
           0.62
          0.584
          0.611
           0.63
          0.634
          0.586
           0.57
          0.559
          0.536
          0.544
          0.557
          0.568
          0.527
          0.506
          0.518
          0.504
          0.532
          0.502
          0.493
          0.481
          0.501
          0.485
           0.46
          0.477
          0.468
          0.429
           0.41
          0.412
          0.411
          0.389
          0.451
          0.408
          0.364
           0.39
          0.419
          0.333
          0.343
          0.348
          0.331
          0.357
           0.36
          0.322
          0.357
          0.338
          0.315
          0.347
          0.304
          0.311
          0.308
          0.312
          0.302
           0.27
          0.297
           0.28
          0.295
          0.291
          0.279
          0.293
          0.227
           0.25
          0.277
          0.235
          0.264
          0.247
          0.245
          0.231
          0.218
          0.239
          0.211
          0.212
           0.21
          0.204
          0.185
          0.176
          0.234
          0.233
          0.171
          0.197
           0.18
          0.191
           0.18
          0.154
          0.157
           0.18
          0.159
          0.183
          0.163
          0.164
          0.158
          0.166
          0.173
          0.147
          0.159
          0.171
          0.157
          0.116
          0.141
           0.15
          0.127
          0.147
           0.12
          0.111
          0.133
          0.128
          0.125
          0.109
           0.11
          0.106
           0.12
          0.118
          0.138
          0.114
          0.094
          0.096
          0.106
            0.1
          0.087
          0.089
          0.107
          0.085
          0.093
          0.103
           0.08
          0.089
          0.099
          0.086
          0.098
          0.066
          0.078
            0.1
           0.08
          0.073
          0.064
          0.078
          0.099
          0.081
           0.07
          0.073
          0.077
          0.059
          0.066
          0.059
          0.062
          0.054
          0.075
          0.045
          0.066
          0.062
          0.053
          0.066
           0.05
          0.057
          0.049
          0.045
          0.055
           0.06
          0.056
           0.06
          0.053
          0.047
          0.056
          0.043
          0.038
          0.044
          0.038
          0.037
          0.054
          0.049
          0.043
          0.037
          0.041
          0.038
          0.047
          0.032
          0.036
          0.035
          0.038
          0.033
          0.037
