              0
         18.016
         17.688
         17.253
         16.613
         16.645
         16.308
         15.787
         15.578
         15.289
          14.94
          14.89
         14.475
         14.061
         13.789
         13.474
         13.203
         12.954
          12.83
         12.577
         12.075
          12.02
         11.954
         11.584
         11.244
         11.039
         10.925
         10.626
         10.309
         10.276
          9.935
          9.986
          9.705
          9.251
          9.303
          9.203
            8.8
          8.634
          8.586
          8.455
          8.225
          7.818
          8.132
          7.866
          7.554
          7.535
          7.304
          7.042
          7.112
          6.914
          6.749
          6.496
          6.401
          6.402
          6.392
          6.067
          5.986
          5.755
          5.763
          5.692
          5.571
          5.407
          5.402
          5.156
          5.318
          5.034
          5.013
          4.889
          4.808
          4.708
          4.641
          4.478
            4.5
          4.355
          4.227
          4.218
          4.202
          3.996
          3.985
          3.887
          3.883
          3.727
          3.715
          3.557
          3.552
          3.509
          3.424
          3.422
          3.317
          3.226
          3.167
          3.061
          2.964
          2.955
          2.926
          2.842
          2.887
          2.716
          2.729
          2.674
          2.587
          2.601
           2.58
          2.519
          2.463
          2.292
          2.282
          2.324
          2.245
          2.299
          2.166
          2.215
          2.042
          2.076
          1.963
          1.978
           1.99
          1.947
          1.947
          1.868
          1.788
          1.719
          1.725
          1.844
          1.686
           1.66
          1.629
          1.636
          1.627
          1.546
          1.546
          1.483
          1.501
           1.45
          1.488
          1.366
          1.438
          1.414
          1.323
          1.307
          1.336
          1.278
          1.206
          1.271
          1.118
          1.167
          1.174
          1.117
           1.18
          1.158
          1.101
          1.096
          1.033
          1.053
          0.987
          1.024
          0.998
          0.941
           1.01
          0.958
          0.854
          0.891
          0.898
          0.923
          0.846
          0.881
          0.879
          0.827
          0.877
          0.852
          0.814
          0.836
          0.778
          0.778
          0.737
          0.754
          0.769
          0.731
          0.755
          0.706
          0.745
          0.702
          0.662
          0.691
          0.698
          0.659
          0.619
          0.626
           0.62
          0.628
           0.58
          0.577
          0.596
          0.579
          0.562
          0.574
          0.538
          0.502
          0.564
          0.584
           0.56
          0.549
          0.531
          0.525
          0.491
          0.508
           0.51
           0.48
          0.507
          0.503
          0.502
          0.468
          0.498
           0.46
          0.479
          0.464
          0.447
          0.429
          0.427
          0.441
          0.442
          0.451
          0.395
          0.409
            0.4
          0.396
          0.396
          0.396
          0.371
          0.368
          0.397
          0.416
          0.377
          0.369
          0.365
          0.368
          0.359
          0.356
          0.356
          0.353
          0.335
           0.33
          0.332
          0.345
          0.339
          0.351
          0.338
          0.334
          0.325
          0.339
          0.321
          0.294
          0.311
           0.33
          0.349
          0.291
          0.302
          0.321
          0.269
          0.302
          0.273
          0.292
           0.29
          0.257
          0.252
          0.291
          0.311
          0.262
           0.27
          0.284
          0.281
          0.295
          0.238
          0.255
          0.267
           0.26
          0.255
          0.244
           0.23
          0.239
           0.25
          0.264
          0.196
          0.251
          0.257
          0.237
          0.251
          0.241
          0.229
          0.229
          0.232
          0.221
          0.213
          0.233
          0.233
          0.187
          0.226
           0.22
          0.216
          0.223
          0.206
          0.212
          0.215
          0.176
            0.2
           0.21
          0.217
          0.214
          0.226
          0.183
          0.217
          0.209
          0.197
          0.201
          0.212
            0.2
          0.185
          0.222
            0.2
           0.18
          0.204
          0.195
          0.186
          0.163
          0.185
          0.168
          0.168
          0.202
          0.195
          0.181
          0.157
          0.172
          0.171
          0.165
          0.162
          0.178
          0.147
          0.157
          0.148
          0.187
          0.178
           0.16
          0.169
          0.168
          0.192
          0.155
          0.169
          0.169
          0.163
           0.16
          0.164
          0.135
          0.155
          0.164
          0.137
          0.159
          0.142
          0.145
          0.163
          0.159
          0.156
          0.148
          0.147
          0.139
          0.121
          0.145
          0.155
          0.111
          0.141
          0.142
          0.147
           0.13
          0.114
          0.127
           0.13
          0.136
          0.133
          0.132
          0.138
          0.113
          0.144
          0.125
          0.131
          0.145
          0.127
          0.127
          0.139
          0.117
          0.123
           0.13
          0.119
          0.131
          0.101
          0.141
           0.13
          0.145
          0.116
          0.136
           0.11
           0.09
          0.108
          0.129
          0.137
          0.135
          0.105
          0.105
          0.121
          0.124
          0.126
          0.096
          0.128
          0.137
          0.108
           0.11
          0.114
          0.104
            0.1
          0.103
          0.101
          0.106
          0.115
           0.11
           0.09
          0.092
          0.113
          0.092
          0.103
          0.113
          0.083
          0.086
          0.116
          0.101
           0.11
          0.093
            0.1
            0.1
          0.092
          0.096
          0.091
          0.095
          0.092
          0.108
          0.097
          0.083
          0.099
          0.099
           0.08
          0.101
          0.098
          0.086
           0.08
          0.087
          0.093
          0.091
          0.096
          0.098
          0.081
          0.089
          0.092
          0.087
           0.09
          0.063
          0.086
          0.082
          0.092
          0.091
          0.086
          0.082
          0.087
          0.068
          0.079
           0.06
          0.085
           0.08
          0.088
          0.064
           0.08
          0.085
          0.086
          0.083
          0.083
          0.084
          0.082
          0.075
          0.074
          0.069
          0.075
          0.073
          0.075
           0.08
          0.073
          0.068
          0.073
           0.07
          0.056
          0.072
          0.076
          0.072
          0.082
          0.057
          0.079
           0.07
          0.065
          0.082
          0.068
          0.069
          0.085
          0.067
          0.056
           0.07
          0.062
           0.07
          0.083
          0.076
          0.065
          0.049
          0.071
          0.072
          0.082
          0.072
          0.047
          0.056
          0.077
          0.075
          0.073
          0.091
          0.068
          0.057
          0.058
          0.066
           0.06
          0.061
          0.067
          0.061
          0.068
           0.09
          0.057
          0.055
          0.074
          0.047
          0.066
          0.068
          0.056
          0.072
          0.054
          0.054
          0.052
          0.051
          0.061
          0.051
          0.063
          0.059
          0.048
          0.059
          0.052
          0.055
          0.055
          0.049
          0.054
          0.058
          0.058
          0.048
          0.063
          0.057
          0.064
          0.051
          0.074
          0.051
          0.058
          0.065
          0.056
          0.057
          0.055
          0.046
          0.053
          0.035
          0.037
          0.055
           0.05
          0.048
          0.038
          0.055
          0.056
          0.061
          0.056
          0.047
          0.058
          0.056
          0.051
           0.05
          0.046
          0.046
          0.048
          0.055
          0.054
           0.04
          0.053
           0.05
          0.049
          0.053
          0.045
          0.045
          0.041
          0.053
          0.046
          0.039
          0.043
           0.04
          0.048
          0.047
          0.051
           0.05
          0.046
          0.049
          0.054
          0.046
          0.043
          0.035
          0.053
          0.044
          0.058
          0.041
          0.055
          0.052
          0.055
          0.047
          0.039
          0.042
           0.04
          0.042
          0.043
          0.038
          0.041
          0.043
          0.031
          0.044
          0.037
          0.042
          0.042
          0.032
          0.039
          0.028
          0.039
          0.045
          0.039
          0.038
          0.045
          0.038
          0.052
          0.039
          0.024
          0.049
          0.029
          0.047
          0.042
          0.035
          0.039
           0.04
          0.034
          0.048
          0.054
          0.045
          0.045
          0.036
          0.032
          0.049
          0.039
          0.038
          0.039
          0.031
          0.042
          0.036
          0.045
          0.037
          0.041
          0.038
          0.025
          0.033
           0.04
          0.036
          0.034
          0.032
          0.037
           0.03
          0.052
          0.038
          0.039
          0.038
          0.032
           0.04
          0.033
          0.029
          0.031
          0.038
          0.026
          0.042
          0.033
          0.029
          0.032
          0.035
          0.032
          0.036
          0.042
           0.04
          0.045
          0.033
          0.028
          0.031
          0.034
           0.04
          0.027
          0.039
           0.03
          0.032
          0.036
          0.037
          0.029
          0.024
          0.021
          0.031
          0.021
          0.028
          0.035
          0.036
          0.033
          0.031
           0.02
           0.03
          0.035
          0.024
          0.031
          0.037
