              0
          0.031
          0.389
          1.147
          2.077
          3.133
          4.191
          4.967
          5.855
          6.767
          7.555
          8.144
          8.733
          9.192
          9.326
          9.872
         10.138
         10.704
          10.78
         11.155
         11.173
         11.279
          11.37
         11.354
         11.705
          11.69
         11.708
         11.777
         11.596
         11.529
         11.387
         11.639
         11.213
         11.145
         11.187
             11
         11.068
         10.801
         10.958
         10.566
         10.557
         10.378
         10.327
          9.993
          9.825
          9.901
          9.595
          9.513
           9.42
          9.039
          8.979
          8.867
          8.731
          8.823
          8.513
          8.462
          8.295
          8.227
          7.891
           7.85
          7.395
          7.542
          7.543
          7.285
          7.222
          7.027
          6.898
          6.913
          6.508
          6.506
          6.358
          6.285
           6.12
          5.893
            5.9
          5.671
          5.575
          5.531
          5.411
          5.238
          5.192
          5.039
          4.948
          4.861
          4.878
          4.709
          4.482
          4.577
          4.277
          4.407
          4.137
          4.158
          3.924
          3.917
          3.964
          3.755
          3.668
          3.548
          3.429
          3.364
          3.326
          3.264
          3.211
          3.106
          3.093
          3.017
          3.033
          2.914
          2.799
          2.633
          2.723
          2.651
          2.638
          2.469
          2.436
          2.404
           2.33
           2.27
          2.262
          2.221
          2.116
          2.099
          2.027
          2.123
          2.004
          1.945
          1.921
          1.878
          1.833
           1.77
          1.756
          1.783
          1.726
          1.669
          1.689
          1.715
           1.58
          1.579
          1.551
          1.481
          1.495
          1.439
          1.418
          1.379
          1.358
          1.353
          1.372
          1.365
          1.335
           1.23
          1.321
          1.211
          1.291
          1.233
           1.14
          1.174
          1.164
          1.092
          1.159
           1.09
          1.089
          1.122
          1.094
          1.012
          0.976
          1.024
          0.978
          0.996
          0.952
          0.987
          0.932
          0.942
          0.883
          0.927
          0.919
          0.885
          0.897
          0.859
           0.85
          0.836
          0.826
          0.822
          0.854
          0.808
          0.814
            0.8
          0.807
          0.776
          0.763
          0.746
          0.796
          0.776
          0.767
           0.72
           0.68
          0.675
          0.669
          0.702
          0.693
           0.65
          0.684
          0.704
          0.664
          0.651
          0.618
          0.593
           0.66
          0.661
          0.604
          0.625
           0.61
          0.575
          0.544
          0.566
          0.586
          0.594
          0.543
          0.543
          0.556
          0.581
          0.529
          0.523
          0.541
          0.509
          0.508
          0.541
          0.502
          0.501
          0.495
          0.532
          0.487
          0.478
          0.451
          0.494
          0.468
          0.482
          0.467
           0.45
          0.461
          0.444
          0.454
          0.451
          0.449
          0.414
          0.447
          0.412
          0.439
          0.423
          0.448
          0.414
          0.404
          0.431
          0.424
          0.443
          0.378
          0.379
          0.421
          0.401
          0.423
          0.369
          0.368
          0.371
          0.369
          0.375
          0.383
          0.324
          0.342
          0.367
          0.348
           0.36
          0.336
          0.336
          0.324
          0.312
          0.344
           0.34
           0.36
          0.343
          0.343
          0.317
          0.318
          0.295
          0.319
          0.286
          0.314
          0.303
          0.283
           0.31
          0.315
          0.317
          0.345
            0.3
          0.254
           0.27
          0.304
          0.312
          0.271
            0.3
           0.27
          0.267
          0.294
          0.241
          0.269
          0.293
          0.281
          0.272
          0.268
           0.28
          0.271
          0.295
           0.25
          0.283
          0.264
          0.257
          0.239
          0.265
          0.212
          0.255
          0.235
          0.224
          0.236
          0.244
          0.242
          0.231
          0.227
          0.231
          0.239
          0.228
          0.224
          0.217
           0.22
            0.2
           0.23
          0.213
          0.253
          0.225
          0.224
          0.242
          0.179
          0.214
          0.211
          0.217
          0.205
          0.173
          0.204
           0.21
          0.233
          0.198
          0.174
          0.217
          0.203
          0.197
           0.17
          0.206
          0.205
          0.194
          0.199
          0.186
          0.184
          0.165
          0.188
          0.155
          0.177
          0.176
          0.187
          0.179
           0.17
          0.178
          0.141
          0.169
           0.17
          0.169
          0.187
          0.154
          0.161
          0.191
          0.178
          0.163
          0.154
          0.161
          0.174
           0.17
          0.156
           0.17
          0.169
          0.137
          0.136
          0.138
          0.161
          0.146
          0.164
          0.151
          0.148
           0.15
           0.16
          0.162
          0.164
          0.155
          0.139
          0.163
          0.141
          0.162
          0.161
           0.14
          0.142
          0.163
           0.15
          0.155
          0.157
          0.134
          0.113
           0.13
          0.141
          0.124
          0.139
          0.127
          0.128
          0.127
          0.136
          0.134
          0.133
          0.101
          0.131
           0.14
          0.128
           0.13
          0.128
          0.124
          0.117
          0.109
          0.135
          0.124
           0.13
          0.137
          0.119
          0.123
          0.109
          0.121
