              0
         10.511
         10.223
         10.479
         10.042
         10.067
          9.882
          9.832
            9.8
          9.646
          9.501
          9.323
          9.321
          9.208
          8.965
          9.032
          8.871
          8.832
          8.611
          8.642
          8.644
          8.344
           8.35
          8.354
           8.21
          8.001
          8.029
          7.741
          7.816
           7.75
          7.686
           7.48
          7.487
            7.3
           7.25
          7.134
          7.166
          6.978
          6.932
          6.983
          6.906
          6.994
          6.717
          6.608
          6.689
          6.547
          6.268
          6.359
          6.157
          6.159
          6.025
          6.089
          5.957
          5.752
          5.907
          5.659
          5.696
          5.594
          5.495
          5.564
          5.573
          5.324
          5.454
          5.342
          5.174
          5.249
          5.035
          5.212
          5.066
          4.971
          4.937
          4.857
          4.758
          4.728
          4.707
          4.505
          4.588
          4.563
          4.378
          4.554
          4.297
           4.47
          4.285
          4.299
          4.222
          4.194
          4.136
          4.094
          4.032
          4.107
          3.945
          3.934
          3.778
          3.827
          3.751
          3.793
          3.702
          3.652
          3.765
          3.653
          3.595
          3.523
          3.486
          3.557
           3.55
          3.407
          3.192
          3.307
          3.203
           3.26
          3.215
          3.159
          3.094
          3.177
          3.058
           3.05
          3.062
          2.868
          2.942
          3.011
          2.988
          2.922
          2.823
          2.811
          2.766
          2.729
           2.76
          2.716
          2.631
          2.567
          2.586
          2.569
          2.577
          2.545
          2.541
          2.491
          2.386
          2.329
          2.416
          2.353
          2.417
           2.37
          2.203
          2.308
          2.306
          2.315
          2.251
          2.158
          2.132
          2.067
           2.16
          2.043
          2.148
          2.034
          2.051
          2.067
          2.039
           1.97
          2.069
          2.017
          1.898
          1.906
          1.912
          1.889
          1.939
          1.812
          1.934
          1.839
          1.786
          1.755
          1.728
          1.728
          1.642
          1.682
          1.625
          1.644
          1.641
          1.656
          1.606
          1.584
          1.613
           1.59
          1.559
          1.597
          1.557
          1.515
           1.57
          1.437
           1.47
          1.433
           1.45
          1.459
          1.436
          1.421
          1.361
          1.355
          1.335
          1.392
           1.39
          1.327
          1.339
          1.289
          1.255
          1.241
          1.253
          1.306
          1.191
          1.234
          1.213
          1.179
          1.214
          1.162
          1.138
          1.212
          1.136
          1.087
          1.142
          1.138
           1.12
          1.058
          1.098
          1.038
          1.066
          1.055
          1.017
          1.018
          1.027
          1.085
          1.003
          1.018
          0.968
          1.022
          0.976
          0.939
          0.948
          0.976
          0.951
          0.916
          0.949
          0.862
          0.862
          0.898
          0.868
          0.862
          0.883
          0.877
          0.854
          0.827
          0.872
          0.788
          0.758
          0.783
          0.766
          0.728
          0.783
          0.708
          0.745
          0.778
          0.765
          0.754
          0.735
          0.717
           0.71
          0.713
          0.732
          0.663
          0.687
          0.764
          0.691
            0.7
          0.698
          0.638
          0.661
          0.664
          0.596
          0.612
          0.631
          0.604
          0.611
          0.629
          0.616
          0.598
           0.56
          0.634
          0.572
          0.596
          0.589
           0.56
          0.576
           0.56
          0.577
          0.523
          0.571
          0.524
          0.543
          0.552
           0.54
          0.555
          0.477
          0.543
          0.493
          0.487
          0.509
          0.481
          0.472
          0.492
          0.457
          0.468
          0.458
          0.469
          0.444
           0.45
          0.458
          0.451
          0.439
          0.479
          0.442
          0.428
          0.468
          0.413
          0.401
          0.379
          0.386
           0.43
          0.425
          0.413
          0.425
          0.399
          0.381
          0.376
          0.393
          0.399
          0.395
          0.367
          0.389
          0.348
          0.362
          0.358
          0.375
          0.309
          0.341
          0.352
          0.334
          0.323
          0.326
          0.334
          0.307
          0.331
          0.335
          0.292
          0.303
          0.308
          0.309
          0.301
          0.304
           0.28
          0.304
          0.313
          0.292
          0.307
          0.324
           0.26
           0.28
          0.254
          0.298
          0.261
          0.274
          0.262
          0.261
          0.261
          0.256
           0.24
          0.254
          0.234
          0.235
          0.232
          0.268
           0.24
          0.242
           0.25
          0.254
          0.214
          0.231
          0.226
          0.215
          0.215
          0.232
          0.206
          0.205
          0.223
          0.222
          0.238
          0.219
          0.205
          0.193
          0.203
           0.21
          0.228
          0.186
          0.183
          0.182
          0.189
           0.18
          0.226
          0.165
          0.177
          0.189
          0.159
          0.178
          0.173
          0.199
          0.187
          0.153
           0.19
           0.17
           0.18
          0.165
          0.159
          0.178
          0.166
          0.161
          0.142
          0.174
          0.161
          0.147
          0.157
          0.155
          0.178
          0.159
          0.148
          0.138
          0.155
           0.14
          0.135
          0.176
          0.142
          0.134
          0.131
           0.14
          0.131
          0.113
           0.13
          0.115
          0.132
          0.101
           0.11
           0.13
          0.135
          0.127
           0.13
          0.132
          0.125
          0.123
          0.106
          0.106
          0.102
           0.12
           0.13
          0.134
          0.093
          0.105
          0.102
          0.119
          0.104
          0.096
          0.103
          0.105
          0.111
          0.106
           0.09
          0.089
          0.126
          0.109
          0.103
          0.097
          0.088
          0.097
          0.099
          0.092
          0.093
          0.079
          0.095
          0.083
          0.092
          0.086
          0.091
          0.089
            0.1
          0.075
          0.092
          0.071
          0.089
          0.087
          0.074
          0.063
          0.072
          0.068
          0.071
          0.092
          0.082
          0.084
          0.072
          0.079
           0.08
          0.076
          0.084
          0.069
          0.056
          0.072
          0.052
          0.067
          0.074
          0.062
          0.063
           0.07
          0.054
          0.069
          0.067
          0.074
          0.077
          0.053
          0.063
          0.067
          0.064
          0.048
          0.058
          0.066
          0.064
           0.05
          0.062
          0.052
          0.068
          0.049
          0.048
           0.06
           0.05
          0.041
          0.049
          0.074
          0.045
          0.061
          0.054
          0.061
          0.053
          0.053
          0.045
           0.05
           0.04
          0.055
           0.05
          0.038
          0.042
           0.05
          0.048
          0.056
          0.046
          0.036
          0.049
          0.047
          0.042
          0.035
          0.048
          0.052
           0.04
          0.045
          0.053
          0.052
          0.041
          0.049
          0.042
           0.04
          0.043
          0.043
          0.032
          0.047
          0.034
          0.035
          0.036
          0.027
          0.044
          0.037
          0.031
          0.039
          0.038
          0.034
          0.036
           0.03
          0.041
          0.031
          0.037
          0.036
          0.031
          0.042
          0.031
          0.034
          0.034
          0.032
          0.019
          0.036
          0.031
           0.03
          0.038
          0.039
          0.026
          0.031
          0.025
          0.026
          0.021
          0.029
          0.028
          0.029
          0.024
          0.021
          0.027
          0.037
          0.033
           0.03
          0.024
          0.028
          0.029
          0.029
          0.017
          0.032
          0.027
          0.029
          0.031
          0.026
          0.023
          0.022
          0.025
          0.026
          0.027
          0.027
          0.025
          0.019
          0.022
          0.031
          0.021
           0.02
          0.028
          0.037
          0.026
          0.017
          0.021
          0.018
          0.019
          0.018
          0.012
          0.018
          0.028
          0.018
          0.023
          0.022
          0.026
          0.017
          0.025
          0.019
          0.027
          0.016
          0.019
          0.016
          0.027
          0.014
          0.016
          0.016
          0.013
          0.016
          0.017
          0.012
          0.013
          0.012
          0.017
           0.01
          0.013
           0.02
          0.009
           0.02
          0.014
          0.017
           0.02
           0.02
          0.018
          0.012
          0.008
          0.013
          0.013
           0.01
          0.024
          0.016
          0.018
          0.019
          0.014
          0.012
          0.013
          0.011
          0.014
          0.018
           0.01
           0.01
          0.009
          0.014
          0.017
          0.011
          0.013
          0.011
          0.013
          0.015
          0.009
          0.007
          0.011
          0.013
          0.007
          0.006
          0.014
          0.012
          0.013
          0.013
          0.019
          0.011
          0.012
          0.004
          0.011
          0.015
          0.012
          0.011
          0.008
          0.006
           0.01
          0.021
          0.007
          0.004
          0.006
