              0
         11.239
         11.096
         10.995
         10.929
         10.729
         10.396
         10.465
          10.37
         10.258
         10.002
          10.02
          9.815
          9.684
          9.474
          9.354
          9.472
          9.215
          9.022
          9.147
          8.892
          8.824
          8.662
          8.798
          8.456
          8.197
          8.239
          8.157
          8.122
          7.937
          7.945
           7.79
          7.644
          7.631
          7.584
          7.293
          7.353
          7.333
          7.259
           7.15
          7.005
          6.867
           6.87
          6.858
          6.643
          6.483
            6.5
          6.339
          6.179
          6.142
           6.16
          6.215
          6.084
          5.891
           5.87
          5.785
          5.636
           5.75
          5.555
          5.587
          5.628
          5.498
          5.383
          5.248
           5.43
          5.104
          5.109
          5.033
          5.008
          4.908
          4.963
          4.927
           4.78
           4.76
          4.636
          4.605
          4.525
          4.379
          4.474
          4.449
          4.343
          4.201
          4.219
          4.133
          4.145
          4.265
          4.105
          4.008
           3.89
          3.936
          3.896
          3.736
          3.744
          3.731
          3.688
          3.693
          3.529
          3.489
           3.52
          3.397
          3.373
          3.385
          3.401
          3.326
          3.201
           3.21
          3.165
          3.117
          3.236
          3.098
          2.994
          3.097
          2.967
           3.08
          2.924
          2.828
          2.948
          2.879
          2.799
          2.744
           2.82
          2.728
          2.662
          2.675
          2.655
          2.513
          2.496
          2.556
          2.564
          2.453
          2.511
          2.483
          2.458
          2.386
          2.219
          2.373
          2.345
          2.193
          2.254
          2.293
           2.25
          2.179
          2.167
          2.135
          2.118
          2.129
          2.116
          2.144
          2.015
          1.975
           1.98
          1.992
           1.97
          1.902
          1.885
          1.882
          1.858
          1.884
          1.852
          1.843
          1.795
          1.793
          1.802
           1.71
          1.724
          1.766
          1.701
          1.655
          1.677
          1.675
          1.619
          1.611
          1.636
          1.573
          1.572
          1.503
          1.617
          1.542
          1.489
          1.493
          1.445
          1.487
          1.445
          1.483
            1.4
          1.481
          1.404
           1.39
          1.368
          1.326
          1.358
          1.324
          1.316
          1.286
           1.32
          1.276
          1.283
          1.283
          1.248
           1.24
          1.265
          1.216
          1.245
          1.158
          1.198
           1.27
          1.172
          1.155
          1.114
          1.132
          1.145
          1.146
          1.099
          1.103
          1.096
           1.06
          1.081
          1.042
          1.049
          1.056
          1.015
          1.054
          0.986
          0.944
           0.97
          0.951
          0.937
          0.944
          0.991
          0.899
          0.947
          0.941
          0.927
          0.878
          0.872
           0.85
          0.873
          0.849
          0.862
          0.812
          0.875
          0.812
          0.793
          0.856
          0.807
          0.788
          0.824
           0.78
          0.797
           0.79
          0.709
           0.72
          0.762
          0.746
          0.729
          0.683
           0.71
          0.712
          0.677
          0.691
          0.687
          0.659
           0.69
          0.672
          0.685
          0.709
          0.656
          0.641
            0.6
          0.646
          0.633
          0.649
           0.63
          0.597
          0.585
          0.601
          0.555
          0.596
          0.519
          0.577
          0.548
          0.589
          0.586
          0.576
          0.566
          0.567
          0.527
          0.552
          0.528
          0.479
          0.474
          0.504
          0.506
          0.487
          0.465
           0.46
          0.502
          0.517
          0.503
          0.503
          0.493
          0.441
          0.455
          0.441
          0.445
           0.43
          0.448
          0.428
          0.402
          0.447
          0.423
          0.433
          0.435
          0.409
           0.43
          0.383
          0.415
          0.383
          0.388
          0.411
          0.396
          0.383
          0.373
          0.401
          0.387
          0.391
          0.384
          0.374
           0.36
           0.39
          0.336
          0.367
           0.37
          0.314
          0.336
          0.342
            0.3
          0.353
          0.363
          0.321
          0.339
          0.288
          0.321
          0.322
          0.291
          0.316
          0.329
           0.29
          0.313
          0.314
          0.309
          0.329
            0.3
          0.302
          0.292
          0.284
          0.313
          0.288
          0.258
          0.276
          0.268
          0.269
          0.278
          0.272
          0.253
          0.253
          0.273
          0.269
          0.268
          0.251
          0.262
          0.236
          0.268
          0.234
          0.248
          0.228
          0.261
          0.236
          0.269
          0.243
          0.248
          0.235
          0.244
           0.24
           0.21
          0.244
          0.239
          0.231
           0.22
           0.24
          0.207
          0.192
          0.197
            0.2
          0.215
          0.189
          0.221
          0.222
          0.193
          0.222
          0.183
          0.202
          0.211
            0.2
          0.202
          0.187
          0.176
           0.19
            0.2
          0.178
          0.161
          0.202
          0.167
          0.183
          0.187
          0.175
          0.177
          0.177
          0.166
          0.166
           0.17
          0.167
          0.185
          0.147
          0.178
          0.171
          0.148
          0.166
          0.163
          0.158
          0.153
          0.156
          0.161
          0.142
          0.154
          0.152
          0.142
          0.156
           0.15
          0.146
          0.127
          0.145
          0.123
          0.142
          0.122
          0.142
          0.136
          0.162
          0.135
          0.111
          0.131
          0.114
          0.125
          0.135
          0.127
          0.131
          0.109
          0.138
          0.117
          0.133
          0.106
          0.125
          0.101
          0.114
          0.115
          0.123
          0.112
          0.125
           0.09
          0.121
          0.126
          0.103
           0.13
          0.103
          0.107
          0.113
           0.11
          0.102
          0.108
          0.098
          0.106
          0.105
          0.105
          0.116
          0.095
          0.085
          0.094
          0.102
          0.107
          0.097
          0.088
          0.082
          0.095
          0.067
          0.092
          0.092
          0.101
          0.085
          0.097
          0.091
          0.083
          0.083
          0.098
          0.087
          0.097
           0.08
          0.082
          0.097
          0.075
          0.072
           0.08
          0.082
          0.075
          0.072
          0.078
          0.087
          0.088
          0.078
          0.086
          0.075
          0.062
          0.077
          0.051
          0.063
          0.075
          0.068
          0.057
          0.066
          0.076
          0.085
          0.063
          0.075
          0.065
           0.06
          0.064
          0.069
          0.056
          0.063
          0.062
          0.069
          0.055
          0.066
          0.068
          0.077
          0.049
           0.06
          0.069
          0.067
          0.075
          0.065
           0.06
          0.077
          0.052
          0.057
          0.065
          0.062
          0.046
          0.052
          0.047
          0.063
          0.058
          0.057
          0.062
          0.054
          0.047
           0.06
          0.048
           0.05
          0.052
          0.055
          0.047
          0.047
          0.038
          0.047
          0.047
           0.05
           0.05
          0.054
          0.045
          0.052
           0.05
          0.054
          0.043
          0.043
           0.04
          0.042
          0.047
          0.042
          0.033
          0.037
          0.047
           0.05
          0.038
          0.041
          0.045
          0.043
          0.035
          0.043
          0.035
          0.037
          0.035
          0.047
          0.044
          0.027
          0.038
          0.045
          0.048
          0.043
          0.043
          0.034
          0.047
           0.03
          0.026
           0.03
          0.034
          0.036
          0.036
          0.032
          0.031
          0.031
          0.034
           0.03
          0.029
           0.02
          0.033
          0.027
           0.03
           0.03
          0.027
           0.04
          0.034
          0.029
          0.029
          0.022
          0.042
          0.029
          0.026
          0.033
          0.024
          0.031
          0.029
          0.033
          0.034
           0.04
          0.032
          0.025
          0.034
          0.027
          0.029
          0.037
          0.026
          0.031
          0.029
          0.025
          0.029
          0.023
          0.026
          0.023
          0.027
          0.027
          0.027
          0.031
          0.019
          0.029
          0.039
          0.028
          0.018
          0.026
          0.021
          0.014
          0.026
          0.023
          0.016
          0.012
          0.016
          0.014
          0.024
          0.016
          0.012
          0.022
          0.021
          0.024
          0.016
          0.013
          0.018
          0.023
          0.021
          0.019
          0.023
          0.021
          0.022
          0.023
          0.013
          0.027
          0.024
          0.024
           0.02
          0.019
          0.014
          0.018
          0.022
          0.014
          0.022
          0.023
          0.019
          0.022
          0.017
          0.022
          0.017
          0.014
          0.014
          0.011
          0.023
          0.013
          0.018
          0.018
          0.017
          0.014
          0.019
          0.017
          0.017
          0.016
          0.014
          0.018
          0.014
          0.017
          0.025
          0.018
          0.016
          0.013
          0.017
          0.011
