              0
         15.347
         14.986
          14.96
         14.422
         14.234
         13.829
         13.684
         13.404
         13.368
         13.047
         12.802
         12.342
         12.332
         11.957
           11.7
          11.69
         11.426
         11.148
         11.045
         10.673
         10.577
         10.477
         10.197
          9.989
          9.631
            9.7
          9.581
          9.226
          8.955
          8.895
          8.787
          8.567
          8.603
          8.387
          8.156
          8.107
          7.897
           7.62
           7.65
          7.404
           7.34
          7.371
          6.991
           6.95
          6.886
          6.788
          6.707
          6.623
          6.465
           6.25
           6.13
          5.917
          5.964
          5.849
          5.748
          5.585
          5.586
          5.503
           5.37
          5.211
          5.035
          5.144
          5.051
          4.878
          4.832
          4.742
          4.653
          4.511
          4.574
          4.374
          4.371
           4.27
          4.246
          4.079
          4.025
          4.076
          4.001
          3.895
          3.763
          3.771
          3.757
          3.571
          3.516
            3.6
          3.404
          3.312
          3.287
          3.182
          3.199
          3.225
          3.154
          3.092
          2.998
          3.034
          2.868
          2.841
          2.771
          2.766
          2.796
          2.768
          2.613
          2.592
          2.573
          2.528
           2.49
          2.467
           2.41
          2.405
          2.331
            2.3
          2.254
          2.315
          2.212
           2.11
          2.171
          2.039
          2.074
          2.057
          2.014
          1.965
          2.018
           1.96
          1.984
          1.834
          1.805
          1.833
          1.819
          1.787
          1.801
          1.834
          1.712
          1.721
          1.715
          1.661
           1.75
          1.614
          1.553
          1.504
          1.648
          1.588
          1.542
          1.544
          1.521
          1.478
          1.481
          1.448
          1.395
          1.465
          1.435
            1.4
          1.348
          1.462
           1.26
          1.354
          1.285
          1.309
          1.339
          1.209
           1.28
          1.215
          1.154
          1.248
          1.219
          1.199
          1.197
          1.166
          1.168
          1.142
          1.169
          1.134
          1.082
          1.052
          1.111
          1.089
          1.097
          1.067
          1.115
          1.074
          1.019
          0.982
          1.045
          0.997
          1.009
          1.028
          0.939
          0.956
          1.011
          0.994
          0.937
          0.918
          0.994
          0.951
          0.897
          0.848
          0.923
          0.876
          0.878
          0.837
          0.875
          0.899
          0.843
          0.822
          0.831
          0.806
          0.829
          0.795
          0.826
          0.842
          0.781
          0.802
          0.758
          0.789
          0.759
           0.72
          0.767
          0.754
          0.723
          0.752
          0.729
          0.722
          0.694
          0.698
          0.664
          0.709
          0.714
          0.707
          0.725
          0.718
          0.655
          0.673
          0.655
          0.679
          0.693
          0.679
          0.658
          0.649
          0.654
          0.615
          0.631
          0.656
          0.641
            0.6
          0.647
          0.604
          0.617
          0.564
          0.636
          0.621
          0.537
          0.605
          0.547
          0.569
          0.569
          0.592
          0.581
          0.627
          0.568
          0.509
            0.5
          0.547
           0.55
          0.587
          0.555
          0.533
           0.53
          0.508
          0.527
          0.487
          0.471
          0.469
          0.513
          0.492
          0.511
          0.479
          0.493
           0.47
          0.476
          0.468
          0.475
          0.483
           0.48
           0.48
          0.497
          0.461
          0.446
          0.462
          0.454
          0.445
          0.446
          0.458
          0.425
          0.408
          0.443
          0.476
          0.439
          0.438
          0.484
          0.395
          0.404
          0.444
          0.441
          0.403
          0.386
          0.423
          0.409
          0.415
          0.427
          0.443
          0.424
          0.375
          0.377
          0.384
          0.388
          0.391
          0.403
          0.392
           0.36
          0.363
          0.372
          0.379
          0.377
          0.354
          0.336
           0.37
          0.368
          0.376
          0.309
          0.349
          0.357
          0.342
           0.33
          0.352
          0.386
          0.333
          0.331
          0.356
          0.318
          0.348
          0.332
          0.272
          0.305
          0.314
          0.302
          0.312
          0.312
          0.297
          0.268
          0.325
          0.296
          0.304
          0.288
          0.299
          0.326
          0.307
          0.272
          0.316
          0.307
          0.324
          0.291
          0.274
          0.308
          0.275
          0.271
          0.268
          0.247
          0.278
          0.303
          0.271
          0.267
          0.255
          0.277
          0.258
          0.245
           0.27
            0.3
           0.24
          0.294
          0.251
          0.272
          0.278
          0.239
          0.256
          0.251
          0.224
          0.234
          0.258
          0.269
          0.257
          0.255
          0.247
           0.25
          0.253
          0.234
          0.237
           0.25
          0.236
          0.223
           0.23
          0.242
          0.226
          0.231
          0.222
          0.209
          0.216
          0.219
          0.217
          0.234
          0.215
          0.213
          0.238
          0.196
          0.208
          0.196
          0.226
          0.223
          0.233
          0.211
          0.213
          0.209
          0.209
          0.195
            0.2
          0.197
          0.192
          0.197
           0.22
          0.211
          0.184
          0.162
          0.199
          0.167
          0.205
          0.187
          0.208
          0.165
          0.177
          0.188
          0.199
          0.165
          0.168
          0.172
          0.184
          0.182
          0.158
          0.205
          0.177
          0.182
          0.166
          0.174
          0.155
          0.153
          0.175
          0.171
          0.181
           0.17
          0.158
          0.154
          0.169
           0.16
          0.151
          0.162
          0.152
          0.152
          0.187
          0.147
          0.166
           0.15
          0.157
          0.142
          0.153
          0.156
          0.142
          0.158
          0.172
          0.157
          0.125
           0.14
          0.151
          0.158
          0.172
          0.134
          0.138
           0.17
          0.142
          0.122
          0.143
          0.139
          0.156
          0.128
          0.137
          0.137
          0.144
          0.146
          0.145
           0.16
          0.127
          0.106
          0.135
          0.126
          0.153
          0.111
          0.139
          0.124
          0.112
          0.148
          0.134
          0.135
          0.119
          0.118
           0.13
          0.123
           0.13
          0.124
          0.108
           0.11
          0.136
          0.119
          0.123
          0.124
          0.127
          0.127
          0.122
          0.125
          0.114
           0.11
          0.099
          0.136
          0.108
          0.105
           0.13
          0.122
          0.115
          0.105
          0.114
          0.111
          0.116
          0.102
          0.107
          0.117
          0.113
          0.098
           0.11
          0.094
          0.123
          0.093
          0.105
          0.089
          0.109
          0.101
          0.109
            0.1
          0.097
          0.093
          0.111
          0.098
          0.128
          0.107
          0.098
          0.102
          0.114
          0.089
          0.069
          0.081
          0.102
          0.087
          0.091
          0.103
          0.085
          0.076
          0.096
          0.105
          0.086
          0.094
          0.091
          0.087
          0.066
          0.083
          0.089
          0.078
          0.094
          0.073
          0.088
          0.093
          0.092
          0.092
          0.081
          0.098
          0.093
            0.1
           0.08
          0.091
          0.081
          0.088
          0.087
          0.078
          0.072
          0.074
          0.079
          0.088
           0.09
          0.096
          0.089
           0.09
          0.078
          0.082
          0.083
          0.076
          0.059
          0.096
          0.071
          0.081
          0.073
          0.077
          0.068
          0.085
          0.078
          0.073
          0.073
          0.087
          0.078
           0.06
          0.085
          0.086
          0.059
          0.089
          0.059
          0.074
          0.068
          0.065
           0.07
          0.077
          0.071
          0.057
          0.066
          0.071
          0.066
          0.075
          0.062
          0.061
          0.056
          0.069
          0.055
          0.073
          0.071
          0.065
          0.056
          0.059
          0.053
          0.065
          0.062
          0.049
           0.06
          0.082
          0.057
          0.059
          0.062
          0.063
          0.064
          0.071
           0.06
          0.052
          0.069
          0.047
          0.057
          0.055
          0.074
          0.054
          0.059
          0.064
          0.069
          0.065
          0.049
          0.055
          0.055
          0.071
          0.057
          0.066
          0.052
          0.049
          0.048
          0.042
          0.062
          0.051
          0.049
          0.047
          0.053
          0.048
          0.058
          0.055
          0.036
          0.061
          0.053
          0.055
          0.053
          0.052
          0.052
           0.05
          0.047
          0.045
          0.047
          0.058
          0.048
          0.062
          0.055
          0.044
          0.052
          0.046
          0.041
          0.048
          0.047
          0.044
          0.042
          0.038
          0.048
           0.06
          0.044
          0.046
          0.034
          0.048
          0.051
          0.043
          0.049
          0.044
          0.056
          0.048
          0.044
          0.038
          0.041
          0.044
          0.049
          0.061
