              0
          0.002
          0.065
          0.212
          0.503
          0.868
          1.155
          1.569
          1.976
          2.349
          2.644
          3.004
          3.426
          3.761
          4.241
          4.331
          4.632
          5.002
          5.176
           5.46
          5.692
            5.9
          6.046
          6.177
          6.372
          6.498
          6.748
          6.895
          6.891
          7.097
          7.116
          7.213
          7.265
          7.404
           7.44
          7.683
          7.526
          7.569
          7.639
          7.641
           7.64
          7.643
          7.675
          7.753
          7.744
          7.708
          7.667
          7.694
          7.698
          7.669
          7.633
          7.657
          7.537
          7.444
          7.573
          7.422
          7.561
          7.471
          7.461
          7.429
          7.436
          7.372
          7.243
           7.24
          7.133
          7.113
          7.002
          7.077
          6.981
          7.037
           6.85
          6.791
          6.821
          6.743
          6.667
           6.54
          6.603
          6.605
          6.407
          6.351
          6.482
          6.239
          6.148
          6.206
          6.068
          6.083
          6.179
          6.021
          5.882
          5.859
          5.744
          5.752
          5.659
          5.698
          5.705
          5.444
          5.524
          5.461
          5.254
          5.191
          5.262
          5.074
          5.254
          5.244
          5.117
          4.936
          4.813
          4.812
          4.743
          4.785
          4.715
          4.647
          4.713
          4.598
          4.551
          4.527
          4.361
          4.398
           4.28
          4.165
          4.236
          4.084
          4.104
           3.96
          3.974
          3.962
          3.958
          3.842
          3.925
          3.706
          3.698
          3.629
          3.546
           3.67
          3.549
          3.499
          3.447
          3.346
          3.298
          3.378
          3.339
          3.255
           3.09
          3.201
          3.119
          3.041
          3.047
          3.002
           2.95
          2.863
          2.922
          2.793
          2.859
          2.795
          2.755
          2.705
          2.565
          2.646
          2.566
          2.595
          2.468
          2.581
          2.482
          2.483
          2.471
          2.304
          2.332
          2.306
          2.201
          2.262
          2.214
          2.131
           2.23
          2.001
          2.092
          2.075
          2.019
          1.974
          2.012
          1.981
          1.958
          1.916
          1.861
          1.874
          1.791
           1.81
          1.729
          1.845
          1.718
           1.78
          1.709
          1.621
          1.632
          1.666
          1.552
          1.557
          1.561
          1.533
          1.447
          1.497
          1.475
          1.472
          1.428
          1.403
          1.389
          1.339
          1.387
          1.438
          1.354
          1.275
          1.264
          1.277
          1.272
          1.236
          1.257
          1.226
          1.175
          1.111
          1.234
          1.135
          1.068
          1.083
            1.1
          1.074
          1.081
          1.059
          0.983
          0.928
          1.016
           0.91
          0.934
          0.904
          0.939
          0.902
          0.885
          0.892
          0.899
          0.833
          0.847
          0.846
          0.859
          0.833
          0.811
          0.757
          0.773
          0.766
          0.748
          0.756
           0.69
          0.682
          0.705
          0.736
          0.654
          0.684
          0.657
            0.7
          0.639
          0.628
          0.673
          0.638
          0.611
          0.608
          0.585
          0.642
          0.549
          0.541
          0.534
          0.552
          0.523
          0.488
          0.487
          0.502
          0.472
          0.509
          0.517
          0.513
           0.51
          0.447
          0.454
          0.451
          0.437
          0.457
          0.416
          0.421
          0.403
          0.424
          0.374
          0.379
          0.392
          0.377
          0.393
          0.348
          0.383
          0.377
          0.351
          0.367
          0.331
          0.318
          0.319
          0.345
           0.31
          0.289
          0.331
          0.283
          0.297
          0.307
          0.326
          0.264
          0.285
           0.29
          0.299
          0.255
          0.264
          0.261
          0.239
          0.251
          0.259
          0.239
          0.253
          0.239
          0.233
          0.234
          0.239
          0.215
          0.222
          0.244
          0.228
          0.204
          0.222
          0.216
          0.222
          0.194
          0.214
          0.199
          0.187
          0.157
          0.172
          0.157
          0.198
          0.186
          0.172
          0.178
          0.144
          0.175
          0.141
          0.162
           0.18
          0.142
          0.126
          0.152
          0.144
          0.145
          0.139
          0.127
          0.121
          0.129
           0.12
          0.138
          0.128
          0.138
           0.13
          0.104
          0.127
           0.12
          0.119
          0.098
          0.102
            0.1
          0.112
          0.098
          0.092
          0.092
          0.091
          0.096
          0.117
          0.105
          0.096
          0.087
          0.088
          0.097
          0.093
          0.072
          0.094
           0.08
          0.093
          0.083
          0.073
          0.093
          0.079
          0.056
           0.07
          0.071
          0.074
          0.068
          0.062
          0.069
          0.077
           0.08
          0.058
          0.076
          0.057
           0.05
          0.047
          0.058
          0.066
          0.052
          0.057
          0.073
          0.057
          0.055
          0.056
          0.045
          0.052
          0.063
          0.043
          0.048
          0.056
          0.042
          0.049
          0.043
          0.053
          0.038
          0.031
          0.038
          0.043
          0.049
          0.036
          0.031
          0.044
          0.033
          0.032
          0.044
          0.054
          0.038
          0.027
          0.047
          0.035
          0.033
