              0
         10.391
         10.566
         10.263
         10.106
          9.889
          9.883
          9.715
          9.765
          9.539
          9.565
          9.549
          9.383
          9.087
          8.969
          8.861
           8.78
          8.637
          8.624
          8.567
          8.391
          8.272
           8.25
          8.232
          8.207
          8.035
          7.818
          7.834
           7.59
          7.638
           7.58
           7.62
          7.465
          7.324
          7.231
          7.047
          7.052
          6.988
          7.014
          6.762
           6.86
          6.724
          6.653
          6.525
          6.532
          6.441
          6.337
          6.443
          6.296
          6.206
          6.038
          5.988
           5.86
          6.037
          5.971
          5.853
          5.753
          5.604
          5.624
          5.637
          5.444
          5.401
          5.365
          5.357
          5.212
          5.157
          5.238
          5.095
          5.031
          4.948
          4.778
          4.792
          4.727
           4.68
          4.716
           4.68
          4.684
          4.528
          4.653
          4.451
          4.385
          4.348
          4.402
          4.275
          4.215
           4.27
          4.116
          4.125
          4.058
          4.115
          3.906
          3.931
          3.839
          3.837
          3.841
          3.897
          3.708
          3.721
          3.676
          3.653
          3.546
            3.5
          3.506
          3.562
          3.481
          3.433
          3.412
          3.331
          3.241
          3.312
          3.056
          3.157
          3.102
          3.133
          3.126
          3.088
          3.059
          3.019
          3.005
          2.882
          2.888
          2.914
          2.769
          2.923
          2.821
          2.759
          2.776
          2.665
          2.664
          2.601
          2.506
          2.563
          2.517
          2.559
          2.491
          2.581
          2.536
          2.478
           2.44
          2.443
            2.4
          2.352
          2.299
          2.283
          2.226
          2.256
          2.237
          2.208
          2.233
          2.187
          2.173
          2.142
          2.074
          2.234
          2.102
          1.968
          1.978
          1.974
           2.01
          1.968
           1.98
          1.974
          1.945
          1.865
          1.868
          1.825
          1.893
          1.814
          1.834
          1.762
          1.811
          1.818
          1.791
           1.79
          1.681
          1.661
          1.632
          1.615
          1.657
          1.653
          1.615
          1.607
          1.492
          1.565
          1.582
          1.489
          1.465
          1.539
          1.456
          1.425
          1.529
          1.477
          1.428
          1.404
           1.37
          1.396
          1.362
          1.327
          1.346
          1.317
          1.347
          1.305
          1.341
          1.346
          1.248
          1.204
           1.18
          1.208
          1.149
          1.209
          1.176
          1.205
          1.152
           1.19
          1.183
          1.162
          1.047
          1.044
          1.053
            1.1
          1.096
          1.018
          1.081
          1.051
          1.105
          1.022
          1.033
          1.025
          0.976
          1.054
          0.968
          0.968
          0.936
          0.947
           0.92
          0.931
          0.919
          0.915
           0.92
          0.886
          0.866
          0.919
          0.861
          0.902
           0.84
          0.832
          0.845
          0.808
          0.841
          0.809
          0.782
          0.799
          0.779
          0.765
          0.759
          0.777
           0.75
          0.773
          0.784
          0.808
           0.77
          0.724
          0.746
          0.698
          0.765
          0.716
          0.699
          0.717
          0.675
          0.664
          0.668
          0.666
          0.647
          0.646
          0.653
           0.62
          0.642
          0.615
           0.59
          0.689
          0.592
          0.572
          0.613
          0.575
           0.58
          0.633
          0.604
          0.616
          0.556
          0.578
          0.524
          0.547
          0.518
           0.52
          0.535
          0.544
          0.521
          0.582
          0.493
          0.502
          0.529
          0.512
          0.556
          0.503
          0.489
          0.494
          0.474
          0.464
          0.499
          0.477
          0.434
          0.466
          0.455
          0.424
          0.437
          0.473
          0.464
          0.412
            0.4
          0.406
          0.432
          0.421
          0.437
          0.446
          0.384
          0.388
          0.405
          0.396
          0.389
          0.378
          0.378
          0.383
          0.366
          0.372
          0.363
          0.374
          0.363
          0.349
          0.344
           0.33
          0.347
          0.316
          0.335
          0.346
          0.324
          0.323
          0.363
          0.359
          0.299
          0.307
          0.308
          0.349
          0.306
          0.311
          0.334
          0.286
          0.273
          0.281
          0.296
          0.286
          0.274
          0.274
          0.274
          0.262
          0.277
          0.269
          0.267
          0.265
          0.237
           0.26
           0.28
           0.26
          0.236
           0.27
          0.274
          0.235
          0.229
          0.214
          0.256
          0.291
          0.237
           0.23
          0.219
          0.246
           0.21
          0.232
          0.247
          0.239
          0.253
          0.219
          0.206
          0.239
          0.217
          0.232
          0.198
          0.201
          0.209
          0.198
          0.204
          0.193
          0.214
          0.223
          0.205
          0.233
          0.198
          0.224
          0.181
          0.173
          0.177
           0.18
          0.157
           0.17
          0.162
          0.166
          0.181
          0.167
          0.178
          0.165
          0.163
          0.156
          0.157
          0.145
          0.161
           0.14
          0.146
          0.141
          0.145
          0.146
          0.131
          0.156
          0.164
          0.144
          0.158
          0.163
          0.124
          0.152
          0.144
          0.149
          0.131
          0.146
          0.162
          0.157
          0.123
          0.119
          0.143
          0.132
           0.12
          0.128
          0.132
          0.122
          0.124
           0.13
           0.12
           0.11
          0.123
          0.117
          0.114
          0.138
          0.124
          0.122
          0.118
          0.118
          0.094
          0.106
          0.086
          0.121
          0.103
          0.099
          0.114
          0.098
          0.105
          0.088
          0.095
          0.085
          0.106
          0.108
          0.089
          0.081
          0.085
          0.091
          0.118
          0.088
          0.096
          0.074
          0.087
           0.09
          0.098
          0.076
          0.093
          0.074
          0.087
          0.093
          0.085
            0.1
          0.083
          0.072
          0.078
          0.072
          0.085
          0.093
          0.095
          0.085
          0.057
          0.074
          0.087
           0.07
          0.076
          0.076
           0.07
          0.047
          0.063
           0.06
          0.068
          0.055
          0.076
           0.07
          0.067
           0.05
          0.052
          0.069
          0.063
          0.062
          0.056
          0.057
          0.068
          0.064
          0.055
          0.055
          0.065
          0.054
          0.053
          0.052
           0.05
          0.061
          0.051
          0.053
          0.052
          0.062
          0.048
          0.061
          0.059
           0.07
           0.07
          0.052
          0.046
          0.051
          0.052
          0.044
          0.052
          0.055
          0.046
           0.05
          0.048
          0.054
          0.036
          0.038
          0.043
           0.04
          0.053
          0.053
           0.04
          0.039
          0.038
          0.045
          0.034
          0.027
          0.045
          0.044
          0.051
          0.036
          0.035
           0.03
          0.031
          0.038
          0.029
          0.042
          0.031
          0.036
           0.04
          0.054
          0.028
          0.037
          0.032
          0.039
          0.033
          0.044
          0.048
           0.03
           0.04
           0.03
          0.034
          0.026
          0.037
          0.041
          0.029
          0.044
          0.027
          0.033
          0.035
          0.035
          0.029
          0.032
          0.034
          0.027
          0.016
          0.029
          0.026
           0.02
          0.021
          0.018
          0.023
          0.026
          0.025
          0.023
           0.03
          0.032
          0.032
          0.016
          0.025
          0.029
          0.026
          0.033
          0.031
          0.032
          0.027
          0.024
          0.017
          0.027
          0.022
           0.02
          0.022
          0.023
          0.021
           0.03
           0.02
          0.025
          0.016
          0.022
           0.03
          0.017
          0.017
          0.017
          0.019
          0.022
          0.025
          0.027
          0.019
          0.018
          0.018
          0.016
          0.017
          0.015
          0.018
          0.016
          0.019
          0.026
           0.01
          0.019
           0.01
          0.014
          0.013
           0.01
          0.012
          0.014
          0.015
          0.015
           0.01
          0.011
          0.013
          0.007
          0.013
          0.015
          0.012
          0.015
          0.014
          0.011
          0.017
           0.01
           0.01
          0.015
          0.011
          0.012
          0.012
          0.022
          0.013
          0.014
          0.007
          0.013
          0.013
          0.014
           0.01
          0.008
          0.014
          0.006
          0.007
          0.015
          0.016
          0.006
          0.013
          0.009
          0.013
          0.014
          0.013
           0.01
          0.013
          0.012
          0.014
          0.009
          0.011
          0.012
          0.006
          0.007
          0.005
          0.014
           0.01
          0.015
           0.01
          0.006
          0.009
          0.006
          0.008
          0.007
          0.006
          0.011
           0.01
           0.01
          0.005
          0.007
          0.008
          0.004
          0.005
          0.008
