              0
          0.005
           0.06
          0.263
          0.525
          0.858
          1.236
          1.657
          2.056
          2.406
          2.827
          3.245
          3.661
          3.922
          4.154
          4.566
          4.936
          5.128
          5.585
          5.556
          5.823
          6.109
          6.284
          6.341
          6.714
          6.769
          6.819
          6.989
          7.041
          7.197
          7.427
          7.491
          7.447
           7.57
          7.529
          7.541
          7.543
          7.483
          7.781
          7.837
          7.789
          7.718
          7.881
          7.833
          7.846
          7.681
          7.712
          7.747
          7.657
          7.873
          7.751
          7.629
          7.622
           7.79
          7.626
          7.474
          7.409
           7.61
           7.35
          7.264
          7.305
          7.406
          7.214
           7.21
          7.152
          7.167
          7.087
          7.043
          6.877
          6.999
          6.815
          6.892
          6.658
          6.818
          6.783
          6.698
           6.58
          6.444
          6.383
          6.327
           6.28
          6.136
          6.114
          6.186
          6.195
          6.007
           6.15
          5.969
          5.863
          5.746
          5.753
          5.614
          5.533
          5.438
          5.448
           5.42
          5.397
          5.382
           5.22
          5.157
          5.331
          5.073
          4.969
          4.937
          5.013
          4.887
          4.824
          4.781
          4.632
          4.694
          4.557
           4.58
          4.423
          4.415
          4.367
          4.321
          4.243
           4.28
          4.139
          4.011
          4.053
          4.116
          3.974
          3.852
          3.813
          3.875
          3.848
          3.783
          3.635
          3.736
          3.619
          3.539
          3.614
          3.426
          3.535
          3.524
          3.301
          3.274
          3.133
          3.199
          3.134
          3.197
          3.079
          3.115
          3.055
          2.999
          3.019
          2.994
          2.819
           2.97
          2.889
          2.774
          2.625
          2.712
          2.649
          2.642
          2.614
          2.702
          2.531
          2.561
          2.436
          2.452
          2.387
            2.4
          2.346
          2.239
          2.235
           2.22
          2.225
          2.156
          2.121
          2.138
          2.187
          2.144
          1.989
          2.033
          1.957
            1.9
          1.976
          1.877
          1.849
          1.971
          1.857
          1.832
          1.896
          1.826
          1.741
          1.758
          1.758
          1.688
           1.68
          1.688
          1.584
          1.552
          1.574
          1.613
          1.491
          1.478
          1.482
          1.472
          1.424
          1.426
          1.315
          1.382
          1.408
          1.294
          1.364
           1.36
          1.366
          1.285
          1.302
          1.264
          1.248
          1.259
          1.226
           1.22
          1.181
          1.206
          1.134
          1.086
          1.099
           1.16
          1.128
          1.036
          1.035
          0.963
          0.992
          1.023
          1.042
          1.006
          0.935
          0.969
           0.93
          0.895
          0.966
          0.875
          0.915
          0.871
          0.802
           0.83
          0.817
          0.811
          0.815
          0.763
          0.756
          0.766
          0.747
          0.766
          0.717
          0.702
            0.7
          0.679
          0.697
          0.728
          0.699
           0.66
          0.689
          0.654
          0.671
          0.649
          0.663
          0.612
          0.564
           0.58
          0.601
          0.594
          0.528
           0.54
          0.531
          0.551
          0.547
          0.526
          0.531
          0.487
          0.491
          0.477
          0.488
          0.466
          0.449
          0.453
          0.451
          0.435
           0.45
          0.433
          0.421
          0.422
          0.418
          0.438
          0.406
          0.421
           0.42
          0.407
          0.364
          0.363
          0.363
          0.349
          0.366
          0.314
          0.342
           0.35
          0.317
          0.333
          0.328
          0.325
          0.306
          0.324
          0.326
           0.28
          0.305
          0.293
          0.272
          0.281
          0.277
          0.244
          0.259
          0.286
          0.248
           0.24
          0.273
          0.226
          0.275
          0.229
          0.245
          0.255
          0.204
          0.233
           0.22
          0.249
          0.214
          0.198
          0.211
          0.213
          0.208
          0.188
          0.173
          0.204
          0.189
          0.197
           0.19
          0.164
          0.216
          0.177
          0.168
          0.164
          0.168
          0.159
          0.167
          0.191
          0.166
           0.15
          0.157
          0.166
          0.145
          0.137
          0.141
          0.133
          0.132
          0.152
          0.138
          0.138
          0.131
          0.132
          0.121
           0.12
           0.14
          0.123
          0.118
          0.127
          0.127
          0.129
          0.115
          0.105
          0.112
           0.11
          0.117
           0.11
          0.091
          0.085
          0.101
          0.111
          0.107
          0.094
            0.1
          0.074
          0.086
           0.07
          0.097
           0.09
          0.082
          0.071
          0.074
          0.078
          0.074
           0.09
          0.068
          0.072
           0.09
          0.079
          0.063
          0.086
          0.058
          0.066
          0.068
          0.076
          0.069
          0.066
          0.043
          0.057
          0.065
          0.068
          0.062
          0.062
          0.071
          0.057
          0.056
          0.058
          0.065
          0.051
          0.051
          0.044
          0.056
          0.044
          0.053
          0.053
          0.045
          0.047
          0.051
          0.052
           0.05
          0.044
          0.034
          0.046
          0.043
          0.036
           0.04
          0.041
          0.035
          0.037
