              0
         15.297
         15.153
         14.834
         14.498
         14.079
         14.028
         13.535
         13.272
         13.305
         13.015
         12.503
         12.418
         12.257
         12.018
         11.696
         11.614
         11.521
         11.171
         10.918
          10.85
         10.464
         10.192
         10.167
         10.111
          9.759
          9.597
           9.36
          9.236
          9.246
          9.013
          8.852
          8.884
          8.583
          8.384
          8.302
          7.959
          7.874
           7.94
          7.479
          7.476
          7.287
          7.297
          7.205
          7.021
          6.762
          6.786
          6.597
           6.51
          6.501
          6.291
          6.284
          6.049
          6.097
           5.74
          5.792
          5.587
          5.555
           5.34
           5.24
          5.292
          5.172
          5.102
          4.985
          4.937
          4.989
          4.644
          4.729
          4.479
          4.491
          4.442
           4.28
          4.333
          4.211
          4.263
          3.998
           4.09
          3.881
          3.819
          3.723
          3.712
          3.768
           3.61
          3.626
          3.582
          3.433
          3.494
          3.286
          3.243
          3.271
          3.117
          3.095
           3.18
          2.993
          2.874
          2.955
          2.802
          2.847
          2.755
          2.767
          2.743
           2.62
          2.532
          2.522
          2.552
          2.478
          2.486
          2.314
          2.334
          2.394
          2.297
          2.211
          2.271
          2.219
          2.152
          2.137
           2.12
          2.092
          2.027
          1.971
          1.984
          1.859
          1.914
           1.92
          1.803
           1.88
          1.828
          1.772
           1.75
          1.807
          1.718
          1.644
          1.697
          1.676
          1.671
          1.703
          1.668
          1.624
          1.599
          1.548
          1.568
          1.534
          1.503
            1.5
          1.443
          1.461
          1.457
          1.456
          1.414
          1.445
          1.356
          1.347
          1.385
          1.374
          1.342
          1.286
           1.31
          1.242
          1.276
          1.232
          1.203
          1.251
          1.233
           1.25
          1.176
          1.151
          1.246
          1.196
           1.19
          1.144
          1.152
          1.134
          1.136
          1.134
          1.114
          1.035
           1.07
          1.058
          1.078
          0.997
          1.071
          1.036
          0.994
          0.993
          1.005
          0.951
          0.959
           1.03
          0.952
          0.948
          0.925
          0.948
          0.911
          0.892
          0.966
          0.921
          0.942
          0.864
          0.923
          0.846
          0.803
          0.914
          0.837
          0.815
          0.835
          0.869
          0.854
          0.778
          0.839
          0.791
          0.825
          0.781
          0.738
          0.756
          0.828
          0.789
          0.773
          0.777
          0.735
          0.746
          0.728
          0.763
          0.728
          0.715
          0.682
          0.712
          0.757
          0.662
          0.703
          0.684
          0.675
          0.699
          0.668
          0.704
          0.666
          0.636
          0.634
          0.631
          0.668
           0.64
          0.668
          0.658
           0.65
          0.642
          0.592
          0.606
          0.617
          0.592
          0.626
          0.576
          0.641
          0.625
          0.572
          0.567
          0.569
          0.549
          0.591
          0.551
          0.544
          0.536
           0.53
           0.51
          0.497
           0.51
          0.499
          0.458
          0.527
          0.521
          0.514
          0.522
          0.482
          0.519
           0.54
          0.522
          0.528
          0.459
           0.51
          0.496
          0.481
          0.465
          0.477
          0.468
          0.478
           0.44
          0.469
          0.436
          0.454
          0.444
          0.429
          0.408
           0.41
          0.472
          0.393
          0.413
          0.432
          0.451
          0.456
          0.462
          0.421
          0.421
          0.421
          0.383
           0.44
          0.465
           0.38
          0.403
          0.385
          0.436
           0.41
          0.367
          0.397
          0.396
          0.363
          0.366
          0.397
          0.364
           0.38
          0.367
           0.34
          0.364
          0.366
          0.337
          0.365
          0.364
          0.341
          0.326
          0.357
          0.327
          0.354
          0.322
          0.354
          0.316
          0.322
          0.324
          0.327
          0.322
           0.32
          0.358
          0.323
          0.312
           0.31
          0.352
          0.313
            0.3
          0.343
          0.359
            0.3
          0.317
          0.327
          0.303
            0.3
          0.323
          0.325
          0.298
          0.303
          0.321
          0.333
          0.295
          0.293
          0.299
          0.284
          0.276
          0.257
          0.274
          0.258
          0.257
          0.294
          0.272
          0.274
          0.283
          0.258
          0.252
          0.233
          0.267
          0.306
          0.285
           0.26
          0.227
          0.274
          0.261
          0.232
           0.24
          0.245
          0.264
          0.226
           0.24
          0.238
          0.202
          0.251
          0.214
          0.227
          0.223
          0.253
          0.244
          0.239
          0.213
          0.232
          0.251
          0.237
          0.226
          0.233
          0.216
          0.221
          0.233
          0.214
           0.24
          0.195
          0.209
           0.23
          0.219
          0.233
          0.227
          0.206
           0.22
          0.236
          0.213
          0.215
          0.206
           0.21
           0.21
          0.215
          0.194
          0.217
          0.193
          0.161
          0.198
           0.19
          0.187
          0.201
          0.196
           0.18
          0.206
          0.206
          0.198
          0.203
          0.185
          0.173
          0.172
          0.193
          0.164
          0.179
          0.177
          0.174
          0.186
          0.175
          0.209
          0.178
          0.182
          0.183
          0.177
          0.192
          0.173
          0.151
          0.158
          0.153
          0.161
           0.18
          0.149
          0.154
          0.168
          0.149
          0.166
          0.164
          0.157
          0.133
          0.153
          0.151
          0.163
          0.183
          0.148
          0.144
          0.147
          0.148
          0.159
           0.14
          0.152
           0.15
           0.17
          0.162
          0.159
          0.144
          0.146
          0.151
           0.15
          0.127
          0.122
          0.142
           0.15
           0.14
          0.151
          0.134
          0.134
          0.149
          0.142
          0.129
          0.138
          0.147
          0.132
          0.118
          0.132
          0.136
          0.136
          0.142
          0.123
          0.142
          0.118
          0.128
           0.14
          0.121
          0.144
          0.126
          0.119
          0.148
          0.125
          0.126
          0.122
          0.104
          0.133
          0.117
          0.131
          0.105
          0.135
          0.111
          0.107
          0.121
          0.122
          0.118
          0.108
          0.122
          0.125
          0.117
          0.105
          0.126
          0.109
          0.115
          0.118
          0.114
          0.125
          0.123
          0.108
          0.121
          0.115
          0.108
          0.096
          0.119
          0.103
            0.1
          0.102
          0.115
          0.125
          0.107
          0.117
          0.105
          0.101
          0.101
          0.085
          0.086
          0.104
          0.116
          0.083
          0.091
          0.104
          0.121
          0.097
          0.116
          0.076
          0.094
          0.099
          0.088
          0.099
          0.105
          0.101
          0.089
          0.096
          0.096
          0.095
          0.093
          0.085
          0.084
          0.082
          0.081
          0.111
            0.1
          0.086
          0.078
          0.087
          0.082
          0.095
          0.088
          0.079
          0.087
          0.083
           0.09
          0.082
          0.082
          0.082
          0.083
          0.083
          0.079
          0.079
          0.081
          0.081
          0.069
          0.088
          0.072
          0.083
          0.079
          0.057
           0.07
          0.079
          0.075
          0.076
           0.07
          0.077
          0.078
          0.064
          0.085
          0.082
          0.081
          0.089
          0.074
          0.073
           0.08
          0.075
          0.076
          0.061
          0.075
          0.077
          0.061
          0.062
          0.064
          0.074
          0.073
          0.066
          0.059
          0.067
          0.067
          0.068
          0.065
          0.056
          0.069
          0.067
          0.076
          0.062
          0.061
          0.066
          0.057
          0.066
          0.056
          0.067
          0.067
          0.068
          0.072
          0.058
          0.048
          0.076
          0.048
          0.065
          0.074
          0.063
          0.065
          0.057
          0.058
          0.058
          0.072
          0.055
          0.056
          0.046
          0.055
          0.057
          0.058
          0.042
          0.044
          0.067
          0.052
          0.058
          0.065
          0.061
          0.054
          0.055
          0.057
          0.062
           0.05
          0.055
          0.049
           0.05
          0.043
           0.05
          0.065
          0.059
          0.047
          0.063
          0.059
          0.051
          0.051
           0.06
          0.048
          0.063
          0.037
          0.053
          0.052
          0.045
          0.055
          0.054
          0.044
          0.054
          0.059
          0.059
          0.062
          0.045
          0.051
          0.049
          0.036
          0.051
          0.054
          0.043
          0.042
          0.049
          0.048
          0.035
           0.05
          0.044
           0.05
          0.055
          0.042
          0.042
          0.039
          0.034
          0.042
           0.03
          0.048
          0.046
