              0
         26.427
         25.816
         24.922
          24.28
           23.4
         22.725
         21.946
         21.508
         20.599
         20.484
          19.72
         18.904
          18.29
          18.01
         17.249
         16.933
         16.471
         15.711
          15.64
         14.828
         14.427
         13.944
         13.772
         13.047
         13.033
         12.602
         11.787
         11.748
         11.306
         10.975
         10.689
         10.452
         10.301
          9.986
          9.642
          9.221
          9.116
          8.714
          8.458
           8.17
          8.034
           7.76
          7.534
          7.291
          6.977
          6.913
          6.755
          6.543
          6.325
          6.195
          5.975
          5.707
          5.664
          5.552
          5.257
          5.145
          5.044
          4.924
          4.652
          4.666
          4.461
          4.349
          4.212
          4.117
          3.948
           3.85
          3.816
          3.705
          3.602
          3.505
          3.354
          3.319
          3.192
          3.095
          2.946
          2.913
          2.813
          2.812
          2.682
          2.653
           2.51
          2.531
          2.408
          2.277
          2.201
          2.222
          2.121
          2.024
          2.092
          1.858
          1.978
          1.798
          1.762
          1.728
          1.773
          1.668
          1.665
          1.503
          1.572
          1.493
          1.386
           1.42
          1.377
           1.31
           1.36
          1.279
          1.242
          1.266
          1.185
          1.118
          1.193
           1.11
          1.072
          1.029
          1.003
          1.017
          0.974
          0.921
          0.964
          0.928
          0.941
          0.903
          0.905
          0.894
          0.826
           0.84
          0.812
          0.809
          0.757
           0.83
          0.773
          0.762
          0.701
          0.723
          0.711
          0.727
          0.746
          0.721
          0.698
          0.674
          0.647
          0.647
          0.631
          0.675
          0.608
            0.6
          0.646
          0.567
          0.625
          0.579
          0.572
          0.538
          0.554
          0.533
          0.548
          0.585
          0.538
          0.532
           0.52
          0.525
          0.496
          0.487
          0.488
          0.517
          0.483
          0.499
          0.495
          0.448
          0.434
          0.456
           0.46
          0.423
           0.45
          0.453
          0.449
          0.442
          0.442
          0.439
          0.346
          0.442
          0.388
          0.426
           0.43
          0.419
          0.379
          0.397
          0.391
          0.381
          0.337
          0.364
          0.398
           0.36
          0.374
          0.313
          0.316
          0.331
          0.355
          0.366
          0.342
          0.328
          0.335
          0.293
          0.298
          0.326
          0.319
          0.323
          0.321
          0.312
          0.323
          0.307
          0.301
          0.309
          0.298
          0.339
          0.306
          0.304
          0.261
          0.289
          0.309
          0.312
          0.273
          0.281
          0.268
          0.293
          0.269
          0.247
          0.287
          0.295
          0.231
          0.254
           0.26
          0.242
          0.252
          0.244
          0.269
          0.274
          0.247
          0.241
          0.237
          0.229
          0.228
          0.249
          0.254
          0.254
          0.223
          0.224
          0.215
           0.21
          0.219
          0.213
          0.205
          0.219
          0.231
          0.206
          0.235
          0.215
          0.192
          0.219
          0.204
          0.203
          0.199
          0.215
          0.194
          0.175
            0.2
            0.2
          0.196
          0.184
          0.198
          0.195
          0.162
          0.198
          0.188
          0.168
          0.186
          0.177
          0.193
          0.176
          0.215
          0.185
           0.19
          0.182
          0.187
          0.191
          0.168
          0.176
          0.163
          0.179
           0.14
          0.161
          0.158
          0.152
          0.164
          0.169
          0.152
          0.148
           0.16
          0.155
          0.137
          0.151
          0.161
          0.156
          0.143
          0.147
          0.142
          0.155
          0.153
           0.16
          0.145
          0.166
          0.141
          0.142
          0.148
          0.144
          0.137
          0.145
          0.145
          0.139
          0.131
          0.125
           0.14
          0.126
          0.134
          0.107
          0.138
          0.124
           0.12
          0.131
          0.158
          0.129
           0.13
          0.121
           0.13
          0.129
          0.125
          0.116
          0.135
          0.122
          0.119
          0.118
          0.119
          0.112
           0.12
          0.129
          0.126
          0.116
          0.114
          0.114
          0.111
          0.124
            0.1
          0.123
          0.113
          0.115
          0.124
            0.1
          0.113
          0.106
          0.114
          0.105
          0.109
          0.104
          0.107
          0.117
          0.108
          0.103
          0.107
           0.09
          0.092
          0.138
          0.101
          0.102
          0.115
          0.087
          0.106
          0.102
          0.104
          0.088
          0.099
          0.095
          0.116
          0.089
          0.104
          0.086
          0.105
          0.098
          0.092
          0.103
          0.084
          0.085
          0.102
          0.076
          0.102
          0.093
          0.084
          0.102
          0.092
          0.086
          0.078
          0.098
          0.084
          0.099
            0.1
           0.09
          0.085
          0.101
          0.082
          0.081
           0.09
          0.081
          0.101
          0.098
          0.088
          0.085
          0.082
          0.095
          0.084
          0.082
            0.1
          0.091
          0.088
          0.077
          0.067
          0.084
          0.093
          0.112
          0.073
          0.085
          0.069
          0.087
          0.079
          0.085
          0.072
          0.074
          0.067
          0.061
          0.069
          0.071
          0.084
          0.072
          0.075
          0.065
          0.069
          0.091
          0.063
          0.062
          0.071
          0.064
           0.07
          0.078
          0.076
          0.066
          0.074
          0.093
          0.086
          0.077
          0.074
          0.066
          0.073
          0.059
          0.073
          0.054
          0.074
          0.071
          0.062
          0.068
          0.063
           0.07
          0.065
          0.084
          0.068
          0.068
           0.05
          0.063
          0.074
          0.049
           0.07
          0.072
          0.055
          0.063
          0.063
          0.063
          0.063
          0.067
           0.07
          0.066
          0.061
           0.07
          0.051
          0.066
          0.057
          0.083
          0.055
          0.063
          0.076
           0.05
          0.057
          0.062
          0.046
          0.059
          0.074
          0.066
          0.054
          0.071
          0.058
          0.054
           0.07
          0.049
          0.061
           0.05
          0.057
          0.051
          0.061
           0.05
          0.048
          0.046
          0.052
          0.063
          0.053
           0.05
          0.054
          0.065
          0.047
          0.051
           0.06
          0.059
           0.06
           0.05
          0.046
          0.052
          0.048
          0.058
          0.048
          0.059
           0.05
          0.049
          0.052
          0.066
          0.057
          0.054
          0.053
          0.045
          0.059
           0.05
          0.031
          0.045
          0.052
          0.039
          0.057
          0.045
          0.047
          0.055
          0.052
          0.048
          0.048
          0.051
          0.049
          0.053
          0.049
          0.052
          0.049
          0.046
          0.042
          0.056
           0.05
          0.046
          0.032
          0.045
           0.04
          0.046
           0.05
          0.053
          0.042
          0.043
          0.039
          0.039
          0.041
          0.049
          0.038
          0.038
          0.045
          0.042
          0.042
          0.044
          0.046
          0.055
          0.051
          0.037
          0.045
          0.044
           0.05
          0.047
          0.046
          0.047
          0.026
          0.039
          0.043
          0.056
          0.038
          0.034
          0.041
          0.044
          0.049
          0.041
          0.036
          0.037
          0.043
          0.048
           0.04
          0.042
          0.059
          0.036
           0.04
          0.043
          0.045
          0.032
           0.03
          0.027
          0.033
          0.036
          0.058
          0.048
           0.03
          0.045
          0.041
          0.048
          0.029
          0.031
          0.044
          0.037
          0.037
          0.046
          0.046
          0.041
          0.041
          0.037
          0.049
          0.048
          0.035
          0.032
          0.041
          0.045
          0.035
          0.031
          0.038
          0.047
          0.039
          0.036
          0.025
           0.04
          0.043
          0.031
          0.024
          0.044
          0.042
          0.026
           0.03
          0.034
          0.039
          0.034
          0.036
          0.035
          0.046
          0.033
          0.032
          0.039
          0.037
          0.029
          0.034
          0.028
           0.04
          0.036
          0.034
           0.03
          0.033
          0.044
          0.031
           0.04
          0.032
          0.034
          0.034
          0.026
          0.032
          0.026
          0.033
          0.041
          0.031
          0.037
          0.036
          0.042
          0.028
          0.039
          0.038
          0.044
          0.037
          0.037
          0.028
          0.038
          0.025
          0.036
          0.041
          0.035
          0.025
          0.035
          0.028
          0.046
          0.025
           0.03
          0.029
          0.032
          0.028
          0.041
          0.026
          0.034
          0.024
          0.033
          0.029
          0.031
           0.04
          0.038
          0.023
          0.028
          0.039
          0.038
          0.029
          0.032
          0.033
          0.029
          0.028
          0.024
          0.034
