              0
          0.019
          0.199
            0.6
           1.05
          1.546
          1.993
          2.434
          2.887
          3.286
          3.765
          4.078
          4.431
          4.666
          4.694
          5.038
           5.04
          5.133
           5.36
          5.478
          5.599
          5.669
           5.67
          5.761
          5.745
          5.824
          5.755
          5.791
          5.776
          5.744
          5.599
          5.913
          5.635
           5.56
          5.586
          5.566
          5.538
          5.236
          5.274
          5.343
           5.29
          5.098
          5.051
          4.978
          4.945
          4.873
          4.766
          4.803
          4.736
          4.654
          4.532
          4.465
           4.51
          4.412
          4.228
          4.125
          4.262
          4.066
          4.044
          3.943
          3.833
          3.874
          3.753
          3.599
           3.62
          3.477
          3.466
          3.477
          3.282
          3.271
           3.09
          3.134
          3.073
          3.102
          2.874
          2.939
          2.862
          2.744
          2.765
          2.653
          2.628
          2.399
          2.529
           2.36
          2.431
          2.369
          2.323
          2.258
          2.254
          2.245
          2.088
          2.142
          1.958
          1.912
          1.942
          1.865
          1.809
          1.805
           1.72
          1.688
          1.693
          1.663
          1.622
          1.587
          1.505
          1.519
          1.514
          1.402
          1.433
          1.364
          1.317
          1.326
          1.265
          1.239
          1.247
          1.138
          1.231
          1.139
          1.181
          1.122
          1.068
           1.08
          1.012
          1.041
          0.976
           0.96
           0.99
          0.929
          0.946
          0.889
          0.862
          0.857
          0.848
          0.815
          0.838
          0.831
            0.8
          0.837
          0.765
          0.772
          0.719
          0.705
          0.671
          0.668
          0.689
          0.634
          0.658
          0.635
          0.623
          0.647
          0.621
          0.642
          0.621
          0.627
          0.641
          0.604
          0.594
          0.545
          0.617
          0.546
           0.56
          0.555
          0.546
          0.548
          0.469
          0.503
          0.482
          0.501
          0.474
           0.49
          0.487
          0.441
           0.48
          0.513
          0.409
          0.442
          0.457
          0.404
          0.464
          0.455
          0.431
          0.443
          0.397
          0.379
          0.382
          0.345
          0.387
          0.345
          0.377
           0.37
          0.405
          0.354
          0.375
          0.351
          0.342
           0.36
          0.357
          0.356
          0.361
          0.307
          0.307
          0.297
          0.333
          0.317
          0.352
           0.31
          0.344
          0.329
          0.265
          0.305
           0.29
          0.302
          0.285
          0.283
          0.254
          0.292
          0.269
          0.272
          0.296
          0.291
           0.28
          0.273
           0.27
          0.274
          0.259
          0.259
          0.255
          0.262
          0.239
          0.221
          0.269
          0.251
          0.254
          0.226
          0.223
          0.224
           0.27
          0.213
           0.24
          0.227
          0.211
          0.208
          0.244
          0.249
          0.215
          0.228
          0.212
          0.195
          0.227
          0.217
          0.204
          0.224
          0.205
          0.188
          0.196
          0.217
          0.211
          0.182
          0.197
          0.198
          0.171
          0.196
            0.2
          0.203
          0.177
          0.194
          0.181
          0.168
          0.181
          0.191
          0.158
          0.189
          0.173
          0.165
          0.171
          0.146
          0.174
          0.152
          0.177
          0.181
          0.147
           0.15
          0.162
          0.147
          0.146
          0.162
           0.17
          0.136
          0.177
          0.136
          0.145
          0.145
          0.155
           0.17
          0.128
          0.159
          0.139
          0.136
          0.154
          0.131
          0.137
          0.116
          0.127
          0.146
          0.136
          0.127
          0.128
          0.111
          0.126
          0.157
          0.131
          0.131
          0.125
          0.112
          0.114
          0.129
          0.124
          0.119
          0.104
          0.095
          0.125
          0.117
          0.108
          0.101
          0.123
          0.106
          0.124
          0.135
          0.128
          0.123
          0.128
          0.109
          0.109
          0.112
          0.111
          0.108
          0.106
          0.111
          0.094
          0.094
          0.096
          0.102
          0.113
          0.101
          0.104
            0.1
          0.114
          0.102
          0.118
          0.104
          0.098
          0.097
          0.103
          0.071
           0.09
          0.105
          0.091
          0.101
          0.092
          0.084
          0.093
          0.101
          0.101
          0.102
          0.093
          0.101
          0.078
          0.084
          0.091
          0.099
          0.108
          0.064
          0.097
          0.097
          0.077
          0.089
          0.081
          0.081
          0.087
          0.079
           0.09
          0.075
          0.083
          0.077
          0.067
          0.065
           0.07
          0.075
          0.074
          0.063
          0.072
          0.075
          0.065
           0.06
          0.073
          0.059
          0.092
           0.07
          0.085
          0.066
          0.063
          0.074
          0.064
          0.072
           0.08
          0.068
          0.071
          0.064
          0.072
          0.063
          0.069
          0.081
          0.076
          0.064
          0.074
          0.062
          0.071
          0.059
          0.055
          0.075
          0.062
          0.061
          0.053
          0.067
          0.078
           0.08
          0.064
          0.057
           0.06
          0.062
          0.059
          0.056
           0.06
          0.071
          0.053
           0.05
          0.049
          0.063
