              0
          7.602
          7.664
          7.293
          7.247
          6.944
          6.934
           6.94
          6.731
          6.574
          6.502
          6.409
          6.177
          6.009
          6.021
          5.905
          5.804
          5.867
          5.533
          5.378
          5.337
          5.303
           5.11
           5.07
          5.029
          4.898
          4.784
          4.736
          4.744
          4.721
           4.66
           4.48
          4.462
          4.179
          4.147
           4.18
          4.125
          3.909
          3.895
          3.742
          3.819
          3.693
          3.571
          3.594
          3.454
          3.426
          3.396
          3.238
          3.221
           3.19
          3.169
          3.103
          3.027
          3.023
          2.789
          2.897
          2.817
          2.679
          2.652
          2.629
          2.569
          2.553
          2.524
          2.536
          2.402
          2.509
          2.399
          2.331
          2.345
          2.249
          2.272
          2.156
          2.131
          2.142
          2.099
          1.995
          2.005
          1.975
          1.953
          1.987
          1.846
          1.803
          1.878
          1.762
          1.759
          1.737
          1.671
          1.616
          1.715
          1.654
          1.524
          1.571
          1.545
          1.505
          1.496
          1.468
          1.395
          1.373
          1.363
          1.323
          1.362
          1.324
          1.318
          1.286
          1.206
          1.205
          1.259
          1.243
          1.156
          1.167
          1.148
          1.125
          1.119
           1.18
           1.12
          1.038
          1.087
          1.002
          0.998
          0.993
          1.001
          0.992
          1.025
          0.945
          0.943
          0.899
          0.853
          0.889
          0.903
          0.892
          0.881
          0.906
          0.789
          0.777
          0.809
          0.832
          0.842
          0.802
          0.776
          0.787
          0.784
          0.778
          0.752
          0.744
          0.711
          0.735
          0.706
          0.704
          0.719
          0.724
          0.748
          0.717
          0.651
          0.627
          0.643
          0.626
          0.644
          0.661
          0.646
          0.614
          0.611
          0.606
          0.606
          0.615
          0.622
          0.594
          0.587
          0.556
          0.577
          0.577
          0.565
          0.497
          0.607
          0.564
          0.552
          0.521
          0.555
          0.529
          0.556
           0.52
          0.525
          0.467
          0.488
          0.504
          0.468
           0.48
          0.498
          0.498
          0.492
          0.504
          0.473
          0.474
          0.455
          0.453
          0.479
          0.474
          0.446
          0.492
          0.423
          0.452
          0.403
          0.429
          0.417
          0.452
          0.429
          0.431
          0.417
          0.377
          0.421
          0.407
          0.387
          0.393
          0.399
          0.364
          0.377
          0.358
          0.393
          0.404
          0.397
          0.363
           0.35
          0.347
           0.38
          0.366
          0.344
           0.33
          0.346
          0.349
          0.359
          0.342
          0.376
          0.318
          0.315
          0.349
          0.329
            0.3
          0.297
          0.304
          0.343
          0.329
          0.295
          0.347
          0.347
          0.325
          0.297
          0.305
          0.276
          0.293
          0.323
           0.28
          0.273
          0.308
          0.328
          0.266
          0.258
          0.284
          0.269
           0.28
          0.279
          0.291
          0.276
          0.247
          0.273
          0.276
          0.277
          0.234
          0.283
          0.267
          0.244
          0.278
           0.25
          0.232
          0.281
          0.262
          0.242
          0.265
          0.245
          0.222
          0.269
          0.212
           0.24
          0.235
          0.238
          0.242
          0.212
          0.204
          0.223
          0.224
          0.194
          0.222
          0.213
          0.222
          0.224
            0.2
          0.217
          0.214
          0.215
          0.224
          0.221
          0.201
          0.223
          0.209
          0.207
          0.195
          0.185
           0.22
          0.195
          0.207
          0.211
          0.191
          0.198
          0.189
          0.217
          0.162
           0.17
          0.189
            0.2
          0.183
          0.158
          0.179
          0.169
          0.196
          0.165
          0.165
          0.181
          0.188
          0.175
          0.164
          0.178
            0.2
          0.179
          0.192
          0.183
          0.172
          0.202
          0.177
          0.169
          0.187
          0.143
          0.139
          0.145
          0.146
          0.172
           0.16
          0.144
          0.157
          0.161
          0.147
          0.164
          0.169
          0.149
          0.137
          0.141
           0.18
          0.149
          0.171
          0.155
          0.137
          0.139
          0.132
          0.128
          0.125
          0.122
          0.129
          0.128
          0.124
          0.128
           0.14
          0.162
          0.133
          0.132
           0.15
          0.142
          0.147
          0.138
          0.137
          0.142
          0.137
          0.132
          0.131
          0.117
          0.142
          0.122
          0.107
          0.138
          0.104
          0.135
          0.115
          0.098
           0.11
          0.122
          0.122
          0.097
          0.104
          0.123
          0.113
          0.112
           0.12
          0.118
          0.109
          0.106
          0.132
          0.126
           0.11
          0.138
          0.129
          0.102
          0.105
          0.113
          0.105
          0.093
          0.098
          0.109
          0.096
          0.116
          0.109
          0.106
          0.101
          0.131
          0.089
          0.093
          0.116
          0.106
          0.089
          0.094
          0.084
            0.1
          0.111
          0.103
          0.111
          0.102
          0.091
          0.088
          0.088
          0.092
          0.094
          0.096
            0.1
          0.096
          0.084
          0.085
          0.095
          0.103
          0.074
          0.096
          0.082
          0.092
          0.091
          0.085
          0.084
          0.093
          0.089
          0.086
          0.083
          0.091
          0.099
          0.069
          0.083
          0.084
          0.068
          0.099
           0.08
          0.074
          0.081
          0.066
          0.085
          0.096
          0.073
          0.087
          0.082
           0.08
          0.093
          0.065
          0.059
          0.072
          0.076
          0.077
          0.073
          0.084
          0.066
          0.082
          0.072
          0.068
          0.066
          0.072
           0.08
          0.077
          0.067
           0.07
          0.067
          0.076
          0.067
          0.069
           0.07
          0.068
          0.075
          0.061
          0.061
          0.058
          0.063
          0.062
          0.068
          0.059
          0.064
          0.051
          0.047
          0.072
          0.067
           0.07
          0.051
          0.059
          0.059
          0.052
           0.07
          0.066
           0.07
           0.06
          0.065
          0.059
          0.053
          0.052
          0.059
          0.057
          0.061
          0.073
           0.06
          0.057
          0.047
           0.09
          0.048
          0.063
          0.071
          0.057
          0.069
           0.05
          0.045
           0.05
          0.071
          0.066
          0.054
           0.06
          0.056
          0.048
           0.06
          0.053
          0.054
          0.055
          0.051
          0.048
          0.051
          0.053
          0.071
          0.034
          0.045
          0.062
          0.053
          0.056
          0.055
          0.039
          0.045
           0.05
          0.053
          0.057
          0.055
          0.047
          0.045
          0.032
          0.047
          0.047
          0.043
          0.038
          0.041
          0.063
          0.042
          0.053
          0.038
          0.046
          0.041
          0.066
          0.041
          0.043
          0.052
          0.044
          0.036
          0.061
           0.04
           0.05
           0.05
          0.039
          0.041
           0.06
          0.029
          0.037
          0.039
          0.039
          0.037
          0.043
          0.052
          0.044
          0.039
          0.032
          0.042
          0.045
           0.04
          0.036
          0.051
          0.055
          0.032
           0.03
          0.035
          0.024
          0.045
          0.032
          0.032
          0.039
          0.047
          0.042
           0.04
          0.044
          0.029
          0.036
          0.037
          0.033
           0.03
          0.037
          0.043
          0.023
          0.039
          0.032
          0.045
          0.034
          0.032
          0.028
           0.03
          0.028
           0.03
          0.044
          0.029
          0.032
          0.032
          0.036
          0.032
          0.033
          0.034
          0.041
          0.042
          0.034
          0.032
          0.032
          0.022
          0.028
          0.031
          0.041
          0.023
           0.03
          0.023
          0.033
           0.03
          0.031
          0.019
           0.04
          0.029
          0.032
          0.033
          0.028
          0.024
          0.032
          0.032
           0.03
          0.034
          0.026
          0.024
          0.024
          0.033
          0.027
          0.031
          0.025
          0.026
          0.035
          0.034
          0.027
           0.03
          0.026
          0.015
          0.024
          0.023
          0.017
          0.035
          0.026
          0.028
          0.043
          0.031
          0.037
           0.03
          0.015
          0.019
          0.033
          0.033
          0.027
           0.02
          0.027
          0.017
          0.032
          0.027
          0.023
          0.024
          0.039
          0.022
          0.019
          0.022
          0.017
          0.019
          0.029
          0.016
          0.022
          0.033
          0.035
          0.026
           0.02
          0.021
          0.018
          0.019
          0.023
          0.017
          0.028
          0.024
          0.022
          0.025
          0.019
          0.022
          0.023
          0.028
