              0
          5.944
           5.92
          6.081
          5.775
          5.853
          5.758
          5.593
          5.395
          5.431
          5.432
          5.317
           5.17
          5.105
          5.053
          5.099
          5.081
          4.693
          4.861
          4.728
          4.624
          4.574
          4.435
          4.428
           4.41
          4.361
          4.237
          4.299
          4.072
           4.17
          4.149
          3.978
          4.039
          3.822
          3.843
          3.767
          3.764
          3.668
          3.656
          3.702
          3.495
          3.618
          3.468
          3.403
          3.282
           3.34
          3.238
          3.312
          3.231
          3.161
          3.083
          3.038
           3.01
          3.088
          2.894
          2.832
          2.944
          2.779
           2.73
          2.809
          2.652
          2.633
          2.673
          2.702
          2.522
          2.449
          2.546
          2.485
          2.386
          2.393
          2.346
          2.294
          2.278
          2.273
          2.269
          2.207
          2.274
          2.199
          2.123
          2.127
          2.016
          1.996
          2.028
          2.021
          1.948
          1.876
          1.931
          1.874
          1.925
          1.902
          1.836
          1.819
          1.795
          1.769
          1.791
          1.712
          1.694
          1.727
          1.709
          1.601
          1.607
          1.604
          1.629
          1.616
          1.515
           1.56
          1.424
          1.414
          1.389
          1.487
          1.371
          1.389
          1.389
          1.443
          1.307
          1.388
          1.357
          1.319
          1.263
          1.189
          1.202
          1.188
          1.214
          1.261
          1.148
          1.194
          1.157
          1.166
          1.113
          1.155
          1.116
          1.094
          1.045
          1.078
          1.057
          1.057
          1.021
          0.992
           1.01
          1.037
          1.018
          1.016
          1.029
           1.01
          0.953
          0.956
          0.988
          0.986
          0.973
          0.885
           0.91
          0.901
          0.901
          0.956
           0.86
          0.839
          0.856
          0.882
          0.893
          0.863
          0.837
          0.841
          0.798
          0.823
          0.777
          0.769
          0.788
          0.766
          0.817
          0.805
           0.75
          0.778
          0.768
          0.736
          0.707
          0.654
          0.696
          0.668
          0.651
          0.681
          0.701
          0.687
          0.695
          0.629
          0.645
          0.641
          0.699
          0.654
          0.651
          0.632
          0.617
          0.586
          0.605
          0.579
          0.558
          0.609
          0.548
          0.627
          0.547
          0.577
          0.569
          0.549
          0.523
          0.584
           0.56
          0.531
          0.533
          0.508
          0.503
          0.503
          0.507
          0.541
          0.489
          0.498
          0.482
          0.493
          0.475
          0.501
          0.477
           0.49
          0.437
          0.462
          0.443
          0.476
          0.458
          0.449
          0.471
           0.48
          0.444
          0.468
          0.414
          0.435
          0.433
           0.45
          0.407
          0.405
          0.424
          0.402
            0.4
          0.389
          0.419
          0.405
          0.428
          0.373
          0.395
          0.404
          0.365
          0.398
          0.351
          0.388
          0.413
          0.375
          0.355
          0.383
          0.344
          0.348
          0.333
          0.354
          0.373
          0.329
          0.355
          0.314
          0.362
           0.34
          0.338
          0.317
          0.323
          0.309
          0.312
          0.314
          0.324
            0.3
          0.317
          0.314
          0.323
          0.296
          0.296
          0.265
          0.287
          0.309
          0.275
          0.285
          0.288
          0.265
          0.242
          0.312
          0.269
          0.266
           0.27
          0.296
          0.233
          0.221
          0.279
          0.278
          0.268
          0.263
           0.24
          0.239
          0.243
           0.23
          0.234
          0.259
          0.232
          0.213
          0.242
          0.262
          0.229
          0.232
          0.224
          0.236
          0.207
          0.246
          0.218
          0.239
          0.245
          0.217
          0.199
          0.233
          0.206
           0.22
          0.211
           0.22
          0.209
           0.19
          0.206
          0.198
          0.216
          0.166
          0.188
          0.191
          0.179
          0.189
          0.184
          0.197
          0.193
          0.159
          0.187
          0.203
          0.184
          0.186
          0.165
          0.163
          0.188
           0.18
           0.17
          0.182
           0.17
          0.176
          0.192
          0.182
          0.158
          0.181
          0.172
           0.16
          0.148
          0.152
          0.158
          0.169
          0.165
          0.157
           0.15
           0.14
          0.148
          0.169
          0.168
          0.162
           0.14
          0.148
           0.13
          0.152
          0.159
          0.136
          0.125
          0.156
          0.156
          0.135
          0.139
          0.151
          0.132
          0.146
          0.112
          0.127
          0.133
           0.13
          0.147
          0.119
          0.133
          0.125
          0.113
          0.118
          0.122
          0.106
          0.124
          0.128
          0.124
          0.107
          0.102
          0.109
          0.102
          0.111
          0.095
          0.094
          0.115
          0.104
          0.108
          0.107
          0.112
          0.114
          0.102
          0.123
          0.092
          0.113
          0.103
          0.107
          0.105
           0.11
          0.105
          0.096
          0.099
          0.101
          0.076
          0.087
          0.102
          0.091
          0.109
          0.102
          0.091
          0.098
          0.089
          0.076
          0.096
          0.087
          0.103
           0.08
          0.071
          0.109
          0.096
          0.063
          0.089
          0.071
          0.094
          0.076
          0.087
          0.068
          0.072
          0.094
          0.085
          0.094
          0.064
          0.074
          0.067
          0.065
          0.085
          0.085
          0.071
          0.067
          0.074
          0.067
          0.077
          0.084
          0.076
          0.074
          0.084
          0.075
          0.076
          0.066
          0.075
          0.076
          0.071
          0.066
          0.068
          0.075
          0.063
           0.07
          0.073
          0.062
          0.058
          0.069
          0.069
          0.064
          0.076
          0.062
          0.066
          0.071
          0.054
          0.052
           0.06
           0.07
          0.071
          0.067
          0.053
           0.06
          0.067
          0.063
           0.06
          0.065
           0.07
          0.064
          0.046
          0.066
          0.048
          0.049
          0.054
          0.055
          0.039
          0.051
          0.058
          0.048
          0.052
          0.038
          0.057
          0.058
           0.05
          0.056
          0.057
          0.041
          0.042
           0.05
          0.049
          0.049
          0.051
          0.056
          0.051
          0.038
          0.049
          0.046
          0.046
          0.044
          0.053
          0.046
          0.052
          0.047
          0.042
          0.045
          0.037
          0.043
          0.041
          0.043
           0.04
          0.034
          0.045
          0.039
          0.037
          0.038
          0.041
          0.053
          0.048
          0.038
          0.037
          0.041
          0.022
          0.037
          0.044
          0.044
          0.038
          0.026
           0.03
          0.033
          0.037
          0.029
           0.04
          0.025
          0.017
          0.044
          0.031
          0.032
          0.032
           0.04
          0.022
          0.031
          0.033
          0.029
          0.032
          0.024
          0.033
          0.027
           0.04
           0.02
          0.021
          0.031
          0.022
          0.037
           0.03
          0.024
          0.017
          0.031
          0.022
          0.028
          0.029
          0.031
          0.029
          0.041
          0.033
          0.025
          0.029
          0.032
          0.016
          0.025
          0.025
          0.027
          0.023
          0.027
          0.028
          0.027
          0.023
           0.02
           0.02
          0.032
          0.025
          0.032
           0.02
          0.034
          0.027
          0.021
          0.026
           0.02
          0.023
          0.025
          0.021
           0.02
          0.027
          0.025
          0.021
          0.029
          0.033
          0.022
          0.024
          0.026
          0.023
          0.021
          0.028
          0.019
          0.022
          0.021
          0.024
          0.025
          0.029
          0.016
           0.03
          0.016
          0.019
           0.01
          0.019
          0.024
          0.017
          0.012
          0.014
          0.013
          0.014
           0.01
          0.032
          0.022
          0.012
          0.014
          0.016
          0.014
          0.022
          0.028
          0.011
          0.015
          0.024
          0.021
          0.013
          0.019
          0.011
          0.013
          0.021
          0.022
          0.018
          0.016
           0.01
          0.017
          0.016
          0.007
          0.015
          0.015
          0.014
          0.017
          0.015
          0.018
          0.013
          0.022
          0.011
          0.014
          0.019
          0.017
          0.015
          0.018
          0.015
          0.019
          0.013
          0.018
          0.014
          0.012
          0.011
          0.011
          0.011
           0.02
          0.014
          0.016
          0.014
          0.014
           0.01
          0.013
          0.018
          0.009
          0.007
          0.012
          0.013
          0.014
          0.015
          0.017
          0.008
          0.014
          0.018
          0.013
          0.015
          0.005
          0.012
          0.014
           0.01
          0.009
          0.012
          0.009
           0.01
          0.015
          0.011
          0.006
          0.012
          0.006
          0.015
          0.008
