              0
          0.003
          0.068
          0.219
          0.478
            0.7
          0.931
          1.244
          1.475
          1.839
          2.058
          2.246
            2.5
          2.724
          2.824
          3.077
          3.201
          3.408
          3.371
          3.546
           3.81
          3.798
          3.825
          4.043
          3.953
          4.274
          4.185
            4.2
          4.212
          4.309
          4.257
          4.267
          4.275
          4.334
          4.416
          4.303
          4.321
          4.223
           4.45
          4.312
           4.34
          4.301
          4.276
          4.286
          4.149
          4.191
          4.158
          4.177
          4.233
          4.134
          4.055
          4.106
          4.012
          3.903
          3.894
          3.941
          3.888
          3.808
          3.736
          3.778
          3.682
          3.715
          3.623
          3.675
           3.62
          3.516
          3.567
          3.613
           3.41
          3.441
          3.353
          3.307
          3.271
          3.252
          3.208
          3.128
          3.198
          3.078
          2.949
          2.918
          2.933
          2.924
          2.864
          2.869
          2.872
          2.711
          2.785
          2.688
          2.634
          2.678
          2.579
          2.511
          2.518
          2.558
          2.368
          2.441
          2.367
          2.278
          2.337
          2.266
          2.219
          2.252
          2.109
          2.098
          2.092
          2.095
          2.034
              2
          1.994
           1.94
          1.937
          1.953
          1.911
          1.858
          1.822
          1.787
          1.722
          1.735
          1.759
          1.721
          1.622
          1.616
          1.635
          1.582
           1.54
          1.635
          1.529
          1.524
          1.524
          1.417
           1.49
          1.443
          1.462
          1.266
          1.395
          1.408
          1.427
          1.351
          1.287
           1.33
           1.25
          1.282
          1.246
          1.212
          1.245
          1.195
          1.142
          1.195
           1.13
          1.174
          1.067
          1.116
          1.082
          1.044
          1.094
          1.058
          1.033
          1.011
          0.961
          0.951
          0.995
          0.934
          0.967
          0.888
          0.895
          0.947
          0.914
           0.91
          0.847
          0.834
          0.864
          0.831
          0.862
          0.812
          0.817
          0.796
          0.834
          0.807
           0.76
          0.795
          0.737
          0.749
          0.819
          0.724
          0.741
          0.714
          0.702
          0.674
          0.641
          0.632
          0.696
           0.62
          0.688
          0.661
          0.643
           0.65
          0.627
          0.624
          0.607
          0.606
          0.622
          0.583
          0.569
          0.572
          0.598
          0.514
           0.53
          0.532
          0.545
          0.549
          0.549
          0.576
          0.541
          0.465
          0.518
          0.485
          0.503
          0.455
          0.516
          0.506
          0.519
          0.477
          0.501
          0.477
          0.468
          0.462
          0.454
           0.46
          0.432
          0.451
          0.463
          0.446
          0.421
          0.391
          0.416
           0.38
          0.422
          0.373
           0.38
          0.392
          0.393
          0.361
          0.381
          0.423
          0.373
          0.341
          0.351
          0.336
          0.353
          0.357
          0.319
           0.33
          0.364
          0.292
          0.329
          0.328
           0.35
          0.289
          0.341
          0.333
          0.282
          0.308
          0.294
            0.3
          0.293
            0.3
          0.288
          0.299
          0.297
          0.278
          0.298
          0.295
          0.308
          0.267
           0.25
          0.253
          0.291
          0.246
          0.277
           0.25
          0.271
          0.259
          0.243
          0.229
          0.231
          0.245
          0.234
          0.246
          0.236
          0.265
           0.23
          0.252
          0.235
          0.243
          0.206
          0.204
          0.205
           0.21
           0.18
          0.178
          0.227
          0.205
          0.203
          0.188
          0.199
          0.197
          0.187
          0.188
          0.183
          0.183
          0.189
          0.183
          0.179
          0.178
          0.188
          0.176
          0.171
          0.186
          0.202
          0.192
          0.156
          0.166
          0.158
          0.164
          0.147
          0.168
           0.15
          0.158
          0.164
          0.139
          0.139
          0.151
          0.139
          0.156
           0.15
          0.163
          0.133
          0.128
          0.144
          0.137
          0.131
          0.135
          0.142
           0.11
           0.11
          0.147
          0.138
          0.143
          0.134
          0.114
          0.116
          0.135
          0.126
          0.121
          0.112
          0.116
          0.119
          0.116
          0.105
          0.106
          0.114
          0.127
          0.114
          0.112
          0.104
          0.102
          0.114
          0.117
          0.113
          0.112
          0.098
          0.093
          0.097
          0.093
          0.118
          0.096
          0.097
          0.095
            0.1
          0.089
          0.097
          0.081
          0.086
          0.082
          0.093
          0.081
          0.076
          0.076
          0.092
          0.089
          0.097
          0.069
          0.086
          0.077
          0.087
          0.079
          0.072
          0.082
          0.065
          0.087
          0.062
          0.058
          0.065
          0.076
          0.067
          0.088
          0.069
          0.067
           0.07
          0.084
          0.067
          0.073
          0.075
          0.064
          0.074
          0.063
          0.066
           0.06
           0.06
          0.065
          0.054
           0.08
          0.068
          0.058
          0.057
          0.069
          0.067
          0.062
          0.066
          0.065
          0.054
          0.047
          0.058
          0.051
          0.046
          0.057
           0.06
          0.045
