              0
          0.012
          0.132
          0.428
          0.815
          1.368
          1.843
          2.424
          2.961
           3.48
          3.919
          4.381
          4.693
          5.412
          5.635
          5.988
          6.298
          6.669
          6.876
          7.133
          7.376
          7.672
           7.76
          7.983
          7.983
          8.077
          8.181
          8.494
          8.341
           8.45
          8.562
          8.634
          8.675
          8.622
           8.73
          8.749
          8.802
          8.809
          8.741
          8.755
          8.578
          8.789
          8.603
          8.733
          8.613
          8.555
          8.449
          8.498
          8.381
          8.389
          8.293
          8.181
           8.27
          8.232
          8.178
          7.943
          7.848
          7.871
          7.972
          7.664
          7.774
          7.665
          7.406
          7.376
          7.308
          7.266
          7.276
          7.096
          7.011
           6.94
          6.961
          6.686
          6.699
          6.702
          6.574
          6.641
          6.564
          6.329
          6.289
          6.145
          6.311
          6.028
          6.112
          5.903
          5.871
          5.609
          5.656
          5.741
          5.463
          5.559
          5.444
          5.278
          5.226
          5.245
          5.093
          4.992
          4.971
          4.923
          4.945
          4.801
          4.676
          4.482
          4.509
          4.562
          4.388
          4.308
          4.497
          4.167
          4.092
          4.129
          4.031
          3.949
          3.935
           3.93
          3.835
          3.672
          3.721
          3.551
          3.669
           3.53
          3.594
          3.481
           3.43
          3.353
          3.278
          3.201
          3.232
          3.131
          3.093
          2.983
          3.085
          3.027
          2.899
          2.836
          2.813
          2.838
          2.729
          2.756
          2.706
          2.765
           2.54
          2.605
           2.59
          2.404
          2.349
          2.381
          2.455
          2.355
          2.258
          2.337
            2.2
          2.175
          2.131
          2.112
          2.136
          2.049
          2.088
          2.007
          1.954
          1.913
          1.929
          1.886
          1.812
          1.869
          1.817
          1.724
          1.679
          1.727
            1.7
          1.657
          1.638
          1.607
          1.582
          1.614
          1.592
          1.546
          1.498
          1.468
          1.468
          1.387
          1.383
          1.406
          1.438
          1.399
          1.364
          1.294
          1.254
          1.204
          1.245
          1.329
          1.255
           1.25
          1.202
          1.153
          1.189
          1.118
          1.154
          1.159
          1.121
          1.073
           1.03
          1.095
          0.977
          1.036
          1.058
          1.007
          0.905
          0.958
          0.946
           0.93
          0.926
          0.829
          0.867
          0.914
            0.9
          0.864
          0.848
          0.835
          0.831
          0.806
          0.793
            0.8
          0.725
          0.804
          0.758
          0.744
          0.741
           0.77
           0.76
          0.694
          0.688
          0.668
          0.763
          0.719
          0.662
          0.683
          0.682
           0.72
           0.66
          0.591
          0.614
          0.617
          0.597
          0.628
          0.611
          0.625
          0.615
            0.6
          0.573
          0.584
          0.543
          0.526
          0.504
           0.58
            0.5
          0.531
          0.499
          0.525
          0.526
          0.499
          0.471
          0.497
          0.517
          0.433
          0.467
          0.434
          0.476
          0.464
          0.455
          0.414
          0.444
          0.431
          0.448
           0.42
           0.41
          0.403
          0.423
          0.419
          0.441
          0.397
          0.344
          0.431
          0.381
          0.431
          0.362
          0.393
          0.381
          0.397
          0.358
          0.332
          0.374
          0.391
          0.343
          0.346
          0.327
          0.334
          0.314
          0.339
          0.358
          0.341
          0.352
          0.329
          0.328
          0.334
          0.313
          0.299
          0.312
          0.295
          0.283
          0.323
          0.302
            0.3
          0.278
          0.267
          0.268
          0.264
          0.256
          0.264
          0.256
          0.279
          0.272
          0.269
          0.252
          0.259
          0.238
          0.264
          0.241
          0.255
          0.257
          0.266
          0.233
          0.249
          0.274
          0.263
          0.233
           0.25
           0.22
          0.234
           0.23
          0.257
           0.25
          0.226
          0.226
          0.252
          0.236
          0.233
          0.192
          0.214
          0.246
          0.199
          0.202
            0.2
          0.196
          0.215
          0.178
          0.206
          0.195
          0.189
          0.185
          0.179
          0.198
          0.186
          0.173
          0.166
          0.168
          0.159
          0.193
          0.186
          0.184
          0.175
          0.167
          0.165
          0.188
          0.169
          0.154
          0.185
           0.16
          0.167
          0.157
          0.134
          0.158
          0.169
          0.164
          0.164
          0.164
          0.159
          0.146
          0.145
          0.151
          0.125
          0.161
          0.144
          0.153
          0.141
          0.134
          0.149
          0.139
          0.129
          0.134
          0.144
          0.142
          0.134
          0.152
          0.123
           0.14
          0.156
          0.143
           0.12
          0.133
          0.129
          0.132
          0.124
          0.137
          0.133
          0.112
          0.112
          0.103
          0.115
          0.124
          0.129
          0.118
          0.113
          0.131
          0.107
          0.095
          0.116
           0.11
          0.123
          0.111
          0.108
          0.117
          0.095
          0.116
          0.106
          0.115
          0.125
          0.107
          0.105
