              0
          0.013
          0.226
          0.752
          1.354
          1.989
          2.779
          3.379
          4.017
          4.821
          5.257
          6.062
          6.359
          6.845
          7.273
          7.547
          7.799
          8.263
          8.568
          8.818
          8.831
          9.093
          9.238
          9.411
          9.362
          9.558
          9.629
          9.692
          9.658
          9.892
          9.728
          9.815
          9.636
          9.682
          9.724
          9.662
          9.751
          9.442
          9.453
          9.384
          9.378
          9.308
           9.23
          9.015
          9.143
          8.862
          9.046
           8.83
          8.812
          8.544
          8.777
          8.494
          8.306
          8.195
          8.148
          8.054
          8.158
          7.999
          7.769
          7.489
          7.734
          7.388
          7.329
          7.388
           7.21
          6.971
          7.047
          6.943
          6.627
          6.587
          6.543
          6.537
          6.362
          6.187
          6.126
          6.143
          5.827
          5.854
          5.791
          5.794
          5.708
          5.528
          5.457
          5.259
          5.338
          5.248
          5.047
          4.983
          4.918
          4.896
          4.608
          4.715
          4.405
          4.562
          4.381
          4.482
            4.3
          4.205
          4.133
          4.011
          3.968
          3.948
          3.853
           3.78
          3.638
           3.67
          3.623
          3.564
          3.477
          3.518
           3.27
          3.225
            3.2
          3.189
          3.193
          3.117
          3.157
          2.877
          2.989
          2.771
          2.791
          2.774
          2.693
          2.725
          2.659
          2.559
          2.539
          2.436
          2.437
          2.261
          2.394
          2.386
          2.283
          2.228
          2.218
          2.216
          2.177
          2.075
            2.1
          2.008
          2.063
          2.011
          1.986
          1.952
          1.787
          1.991
          1.878
          1.833
          1.791
          1.819
          1.716
          1.706
          1.654
          1.612
          1.612
          1.643
          1.615
          1.674
           1.61
          1.546
          1.581
          1.507
          1.502
          1.435
          1.458
          1.476
          1.447
          1.409
          1.421
          1.341
          1.314
          1.302
          1.282
            1.3
          1.253
          1.235
          1.216
           1.21
          1.276
          1.217
          1.254
          1.146
           1.22
          1.176
          1.184
          1.088
          1.133
          1.104
          1.162
          1.073
          1.094
          1.043
          0.994
          1.008
              1
          1.032
          0.974
          1.019
          1.015
          0.963
          0.956
          0.974
           0.98
          0.894
          0.855
          0.892
          0.923
          0.917
            0.9
          0.865
          0.874
           0.82
          0.835
          0.818
          0.852
          0.826
           0.81
           0.79
          0.801
          0.693
          0.794
          0.819
          0.757
          0.734
          0.755
          0.776
          0.745
          0.677
          0.723
          0.736
          0.705
          0.663
          0.664
          0.747
          0.675
          0.645
          0.667
          0.677
          0.671
          0.627
          0.694
          0.649
          0.652
          0.664
          0.639
          0.632
          0.605
          0.637
          0.579
          0.552
          0.551
          0.542
          0.596
          0.568
          0.567
          0.574
          0.577
          0.617
          0.547
          0.542
          0.585
          0.533
          0.533
          0.521
          0.495
            0.5
          0.529
          0.502
          0.501
          0.467
          0.507
          0.465
          0.526
          0.477
          0.457
          0.519
          0.437
          0.448
           0.47
          0.473
          0.462
          0.424
          0.429
          0.449
          0.454
          0.431
          0.436
          0.433
          0.448
          0.411
          0.426
          0.378
          0.421
          0.381
          0.371
           0.43
          0.393
           0.35
           0.41
          0.402
          0.398
           0.41
          0.403
          0.396
          0.347
          0.368
          0.362
          0.348
          0.375
          0.366
          0.345
          0.366
          0.333
          0.324
          0.344
          0.331
          0.315
          0.315
          0.346
          0.335
          0.365
          0.338
          0.323
          0.327
          0.311
          0.298
          0.341
          0.291
          0.285
          0.339
          0.328
          0.299
            0.3
          0.285
          0.273
          0.306
           0.29
           0.29
          0.265
          0.294
          0.273
          0.289
          0.274
          0.299
          0.249
          0.259
          0.243
          0.244
          0.258
          0.268
          0.251
          0.272
          0.256
          0.254
          0.253
           0.25
           0.25
          0.226
          0.233
          0.234
          0.216
          0.219
          0.254
          0.237
          0.232
          0.226
          0.229
           0.25
          0.222
          0.241
          0.223
          0.218
          0.212
          0.205
          0.232
          0.204
          0.171
          0.211
          0.214
          0.205
          0.186
          0.208
          0.221
          0.211
          0.226
          0.207
          0.195
          0.203
          0.219
          0.179
            0.2
          0.191
          0.195
          0.179
            0.2
          0.188
          0.173
          0.148
          0.167
          0.178
          0.176
          0.172
          0.186
          0.184
          0.187
          0.171
          0.178
           0.18
          0.157
          0.174
           0.15
           0.17
          0.159
          0.182
          0.155
          0.148
          0.169
          0.173
          0.154
          0.157
          0.166
          0.162
           0.16
          0.141
          0.136
          0.152
          0.152
          0.122
          0.156
          0.159
          0.148
          0.132
          0.155
          0.129
          0.139
          0.141
          0.137
          0.128
