              0
          0.005
          0.065
          0.242
          0.493
          0.848
          1.216
          1.627
          1.892
          2.306
          2.845
          3.147
          3.643
          3.877
          4.313
          4.473
          4.807
          5.036
          5.219
          5.565
          5.761
          5.935
          6.196
          6.206
          6.583
          6.679
          6.769
          6.866
          7.205
           7.15
          7.251
          7.388
          7.389
          7.565
          7.464
          7.703
          7.648
          7.559
          7.741
          7.729
          7.774
          7.724
          7.897
          7.758
           7.78
          7.623
           7.73
          7.785
          7.808
          7.657
          7.687
          7.612
          7.544
          7.751
          7.604
          7.527
          7.602
          7.485
          7.552
          7.498
          7.328
          7.309
          7.465
          7.297
          7.241
          7.188
          6.931
          7.226
          7.013
          7.088
          6.906
           6.81
          6.683
          6.633
          6.563
          6.551
          6.628
          6.467
          6.424
          6.465
           6.34
          6.189
          6.124
          6.125
          6.058
          6.033
          5.983
          6.032
          5.813
          5.744
          5.746
          5.798
          5.716
          5.623
          5.571
          5.457
          5.516
          5.376
          5.433
          5.257
          5.181
          5.183
          5.109
          5.058
          5.067
          4.923
           4.89
          4.677
           4.77
          4.852
          4.559
          4.672
          4.694
          4.513
          4.479
          4.289
          4.384
          4.241
          4.286
          4.064
          4.004
          4.032
          4.087
           3.99
          3.931
          3.826
          3.799
          3.793
          3.641
            3.7
          3.566
          3.618
          3.598
          3.482
          3.577
           3.36
          3.471
          3.348
          3.292
          3.297
          3.211
          3.204
          3.132
          3.124
          3.087
          3.075
              3
          2.919
          2.921
          2.856
          2.768
          2.825
          2.801
          2.722
          2.756
          2.621
          2.643
          2.546
          2.572
           2.47
            2.5
          2.394
          2.413
           2.45
          2.326
          2.396
          2.288
          2.162
          2.217
          2.146
          2.201
          2.139
          2.103
          2.065
          2.083
          2.045
          1.971
          2.009
           1.97
          1.942
          1.956
          1.845
          1.806
           1.89
          1.765
          1.809
          1.701
          1.652
          1.724
          1.722
          1.577
          1.645
          1.531
          1.602
          1.594
          1.562
          1.521
          1.522
          1.538
          1.456
          1.472
          1.375
          1.453
          1.363
          1.329
          1.374
          1.366
          1.295
          1.305
          1.233
          1.236
          1.218
          1.172
          1.192
          1.228
          1.163
           1.12
          1.081
          1.157
          1.065
          1.097
          1.083
          1.026
          0.992
          1.017
          1.006
          0.957
          0.957
          0.981
          0.958
          0.971
           0.92
          0.948
          0.897
          0.857
          0.872
           0.89
          0.834
           0.81
          0.816
          0.837
          0.816
          0.815
          0.774
          0.775
           0.78
          0.752
          0.696
          0.668
          0.663
          0.719
          0.672
          0.695
          0.672
          0.613
           0.66
          0.629
          0.619
          0.617
          0.637
          0.603
          0.589
          0.606
          0.553
          0.563
          0.571
          0.569
          0.528
          0.535
          0.508
          0.522
          0.511
          0.537
           0.46
          0.491
          0.473
          0.488
           0.48
          0.485
          0.483
          0.443
          0.392
          0.424
          0.431
          0.431
          0.441
          0.403
          0.414
          0.385
          0.385
          0.369
          0.358
          0.377
          0.414
          0.388
          0.322
          0.315
          0.329
          0.351
          0.365
          0.353
          0.308
          0.307
          0.285
          0.328
          0.283
          0.294
          0.324
          0.299
          0.272
          0.291
          0.302
          0.264
          0.281
          0.267
          0.284
          0.237
           0.28
          0.265
          0.242
          0.242
          0.251
          0.238
          0.241
          0.237
          0.219
          0.208
          0.224
          0.237
          0.211
          0.229
          0.218
           0.23
          0.196
          0.211
          0.181
           0.19
          0.187
           0.17
          0.185
          0.176
          0.181
          0.164
          0.169
          0.184
          0.167
          0.165
          0.143
          0.155
           0.14
          0.165
          0.142
          0.133
           0.15
          0.131
          0.162
          0.156
          0.148
          0.141
          0.135
          0.125
          0.125
          0.121
           0.12
          0.112
           0.13
          0.126
          0.114
          0.136
          0.122
          0.115
           0.11
          0.112
          0.128
          0.108
          0.103
          0.098
          0.115
          0.118
          0.095
          0.098
          0.093
          0.095
          0.092
          0.104
          0.093
          0.093
          0.075
          0.092
          0.084
          0.082
          0.077
          0.077
          0.096
          0.079
          0.073
          0.086
          0.067
          0.081
          0.073
          0.051
          0.071
          0.083
          0.055
          0.077
          0.063
          0.071
          0.061
          0.056
           0.06
          0.067
          0.064
          0.062
           0.06
          0.047
          0.053
          0.057
          0.043
          0.057
          0.048
          0.056
          0.054
          0.054
           0.04
          0.036
          0.032
          0.043
          0.049
          0.042
          0.051
          0.039
          0.037
           0.04
          0.054
           0.05
          0.037
          0.041
          0.052
