              0
         12.261
         12.028
         11.797
         11.873
         11.462
         11.394
         11.164
         10.967
         10.836
         10.744
         10.525
         10.499
         10.265
         10.254
          9.876
         10.035
          9.782
          9.673
          9.533
          9.299
           9.06
          9.158
          8.948
          8.728
          8.561
          8.453
          8.356
           8.28
          8.347
          8.127
          8.097
          7.694
          7.882
          7.647
          7.599
          7.312
          7.366
          7.249
          7.277
          7.161
          7.031
          6.936
          6.676
          6.689
          6.666
          6.601
          6.552
          6.449
          6.367
          6.139
          6.032
          6.046
          6.021
          5.926
          5.828
           5.78
          5.549
          5.665
          5.568
          5.436
          5.264
          5.226
          5.196
          5.212
           5.15
            5.1
          5.053
          4.783
          4.953
          4.657
          4.606
          4.555
          4.554
          4.403
          4.536
          4.426
          4.353
          4.228
          4.182
           4.19
          4.161
           4.13
          3.994
          3.968
          3.928
          3.773
          3.765
          3.773
          3.624
          3.625
          3.609
          3.533
          3.536
          3.409
          3.489
          3.263
          3.339
          3.341
          3.254
          3.235
          3.162
          3.203
          3.038
          3.119
           3.09
          2.878
          2.963
          2.939
           2.91
          2.836
          2.876
          2.736
          2.738
          2.757
          2.667
          2.758
          2.549
           2.63
           2.57
          2.537
          2.447
            2.4
          2.408
          2.383
           2.36
          2.322
          2.363
          2.381
           2.32
           2.25
          2.371
          2.151
          2.179
           2.14
          2.123
          2.125
          2.126
          2.093
           2.03
          1.945
          1.987
          2.018
           1.92
          1.908
          1.966
          1.908
          1.895
          1.886
          1.931
          1.743
          1.799
          1.737
          1.807
          1.713
          1.638
          1.672
          1.696
          1.637
          1.587
          1.608
          1.613
          1.558
          1.648
          1.579
          1.495
          1.494
          1.579
          1.453
          1.453
          1.494
          1.461
           1.41
          1.472
          1.388
          1.445
          1.429
          1.408
          1.385
          1.354
          1.389
          1.348
          1.274
          1.361
          1.329
          1.262
          1.267
          1.252
           1.24
          1.264
          1.203
          1.213
          1.225
          1.187
          1.133
          1.148
          1.158
          1.192
          1.145
          1.151
          1.173
          1.105
          1.154
          1.135
          1.076
          1.104
          1.018
          1.063
          1.108
          1.115
          1.042
          1.059
          1.033
          0.982
          0.989
          0.966
          1.042
          0.964
          0.955
          0.987
           0.98
          0.954
          1.013
          0.955
          0.897
          0.926
          0.897
          0.932
          0.933
          0.867
          0.871
           0.81
          0.858
          0.877
          0.873
          0.886
          0.868
          0.808
          0.852
          0.806
          0.856
          0.825
          0.764
           0.81
          0.772
          0.757
          0.766
          0.757
          0.757
          0.731
           0.74
          0.707
          0.731
          0.719
          0.729
           0.72
          0.642
          0.707
          0.708
          0.712
          0.703
          0.683
          0.671
           0.66
          0.657
          0.663
          0.624
          0.632
          0.611
          0.615
          0.615
          0.674
          0.596
          0.614
          0.599
          0.587
          0.573
          0.592
          0.617
          0.611
          0.535
          0.575
          0.589
          0.576
          0.553
          0.557
          0.552
          0.583
          0.523
          0.502
          0.512
          0.532
          0.511
           0.52
           0.53
          0.501
           0.53
          0.493
          0.484
          0.488
          0.488
           0.46
          0.492
          0.457
          0.501
          0.441
          0.445
          0.465
           0.42
          0.443
          0.445
          0.453
          0.413
          0.438
          0.434
          0.461
          0.464
          0.442
          0.387
          0.432
          0.422
          0.374
          0.404
          0.419
          0.412
          0.356
          0.394
          0.422
           0.39
          0.393
          0.391
          0.402
          0.394
          0.412
          0.353
          0.384
          0.347
          0.391
          0.358
          0.381
          0.374
          0.332
          0.345
          0.372
           0.36
          0.342
          0.344
          0.285
          0.327
          0.338
          0.312
          0.352
          0.333
          0.308
          0.297
          0.304
          0.314
          0.344
          0.308
           0.28
          0.279
          0.304
          0.306
          0.324
          0.297
          0.303
          0.269
           0.28
          0.308
          0.288
          0.307
          0.271
          0.301
          0.281
          0.275
          0.276
          0.247
          0.271
          0.251
          0.266
          0.296
          0.267
          0.252
          0.275
          0.251
          0.273
          0.235
          0.252
          0.248
          0.241
          0.229
          0.223
          0.254
          0.224
          0.215
          0.233
          0.245
           0.28
          0.252
          0.232
          0.206
          0.216
          0.209
          0.213
          0.175
          0.205
          0.237
          0.201
          0.212
          0.214
          0.203
          0.216
          0.204
          0.214
          0.183
          0.234
          0.222
          0.204
          0.163
          0.187
          0.186
          0.186
          0.192
          0.193
           0.19
          0.184
          0.187
          0.183
          0.208
          0.171
          0.174
          0.193
          0.167
          0.162
          0.164
          0.163
          0.179
          0.185
          0.167
          0.167
          0.162
          0.176
          0.174
          0.163
          0.161
           0.15
          0.172
          0.156
          0.174
          0.168
          0.175
          0.155
          0.163
          0.134
          0.154
          0.131
          0.141
          0.161
          0.146
           0.15
          0.141
           0.12
          0.149
           0.15
          0.127
          0.112
          0.143
          0.135
          0.158
          0.147
          0.134
          0.115
          0.141
          0.152
          0.131
          0.133
          0.152
          0.132
          0.136
           0.12
          0.139
          0.106
          0.125
          0.118
          0.113
          0.119
          0.136
          0.119
          0.115
          0.141
          0.132
          0.109
          0.131
           0.12
          0.102
          0.125
          0.108
          0.117
          0.095
          0.082
           0.11
          0.107
          0.101
          0.113
          0.118
          0.112
          0.105
          0.107
           0.13
          0.106
          0.111
          0.119
          0.091
          0.108
          0.093
          0.098
          0.117
          0.081
          0.108
          0.095
            0.1
           0.09
          0.089
          0.089
          0.098
          0.088
          0.082
          0.087
          0.096
          0.073
          0.094
          0.097
          0.092
          0.095
          0.078
          0.082
          0.097
          0.071
           0.09
           0.08
          0.079
          0.096
          0.082
          0.099
          0.065
          0.079
          0.068
          0.054
          0.066
          0.078
          0.071
          0.076
          0.062
          0.058
          0.059
           0.08
          0.061
          0.074
          0.079
          0.071
          0.074
          0.089
          0.054
          0.065
          0.081
           0.07
          0.063
          0.053
          0.067
          0.056
          0.068
          0.078
          0.066
          0.072
          0.058
          0.067
          0.067
          0.058
          0.071
           0.06
          0.072
          0.066
          0.055
          0.055
          0.071
          0.065
          0.058
          0.064
          0.058
          0.061
          0.062
           0.07
           0.05
          0.059
           0.05
          0.055
          0.058
          0.064
          0.061
          0.045
          0.053
          0.053
           0.06
          0.055
          0.054
          0.056
          0.053
          0.055
           0.05
          0.046
          0.051
          0.048
          0.049
          0.057
          0.043
          0.045
          0.052
          0.055
          0.053
          0.051
          0.039
          0.046
          0.038
          0.039
          0.046
          0.042
          0.033
          0.053
          0.047
          0.041
          0.044
          0.042
          0.048
          0.037
          0.043
          0.043
          0.051
          0.045
          0.036
          0.038
          0.044
          0.034
           0.03
          0.047
          0.051
          0.054
          0.056
          0.025
          0.032
          0.033
          0.039
          0.037
          0.035
          0.036
          0.034
           0.04
          0.037
          0.031
          0.035
          0.043
          0.042
          0.043
          0.042
          0.039
           0.04
          0.028
          0.033
          0.039
          0.034
          0.021
          0.031
          0.029
           0.03
          0.029
          0.026
          0.031
          0.035
          0.021
          0.028
          0.034
          0.032
          0.029
          0.028
          0.024
          0.026
          0.028
          0.021
          0.032
          0.027
          0.021
          0.028
          0.029
          0.034
          0.025
          0.021
          0.036
          0.028
          0.023
          0.031
          0.031
          0.026
          0.028
          0.023
          0.023
          0.018
          0.033
          0.022
          0.019
          0.024
          0.029
          0.025
          0.028
          0.023
          0.013
          0.022
          0.024
           0.02
           0.02
          0.026
          0.025
          0.023
          0.016
          0.026
          0.024
          0.017
          0.018
          0.016
          0.021
          0.022
          0.015
           0.02
           0.02
