              0
          13.35
         12.998
         12.533
         12.151
          11.88
         11.406
         10.933
         10.806
         10.392
         10.182
          9.843
           9.41
          9.282
          9.029
          8.753
          8.398
          8.201
          7.934
          7.824
            7.5
          7.303
          6.969
          6.851
          6.626
          6.399
          6.291
          6.041
          5.835
          5.627
          5.596
          5.397
          5.246
          5.014
          4.848
           4.66
          4.723
           4.57
          4.338
          4.363
          4.064
          4.105
          3.913
          3.756
          3.581
          3.574
          3.416
          3.398
          3.179
          3.217
           3.14
          2.963
          2.851
          2.827
          2.845
          2.652
          2.679
          2.614
          2.479
          2.484
          2.332
          2.233
          2.174
          2.082
          2.031
          2.009
          1.941
          1.882
          1.766
          1.809
          1.708
          1.675
          1.702
           1.51
          1.529
          1.432
           1.51
          1.364
          1.384
          1.318
          1.354
          1.315
          1.202
          1.189
           1.12
           1.13
          1.097
          1.046
          1.114
          1.017
          1.002
          0.916
          0.914
          0.944
          0.873
          0.864
          0.831
            0.8
           0.78
           0.73
          0.777
          0.747
          0.697
          0.667
          0.664
           0.64
          0.593
          0.574
          0.561
          0.598
          0.584
          0.594
          0.594
          0.529
          0.521
          0.493
           0.54
          0.531
           0.45
          0.468
           0.51
          0.451
          0.435
           0.42
          0.464
          0.404
          0.407
          0.449
          0.405
          0.373
          0.446
          0.389
          0.394
           0.37
          0.349
          0.386
          0.368
           0.34
          0.335
          0.346
          0.354
          0.329
          0.336
          0.334
          0.312
          0.335
          0.327
          0.304
          0.301
          0.325
          0.299
          0.313
          0.287
          0.271
          0.278
          0.245
          0.278
          0.239
          0.285
          0.236
          0.226
           0.26
          0.255
          0.271
          0.205
          0.226
          0.221
          0.207
          0.223
          0.204
          0.235
          0.219
          0.212
          0.214
          0.227
          0.216
          0.226
          0.218
          0.227
           0.22
          0.223
          0.192
          0.204
          0.189
          0.184
          0.188
          0.192
          0.187
          0.199
          0.172
          0.191
           0.19
          0.163
          0.166
          0.184
          0.165
          0.191
          0.165
          0.164
          0.174
          0.156
          0.163
           0.15
          0.148
          0.161
          0.157
          0.162
          0.149
          0.178
          0.161
          0.144
          0.164
          0.155
          0.149
          0.151
          0.125
          0.146
          0.139
          0.136
          0.129
          0.129
          0.157
          0.124
          0.138
          0.159
          0.141
           0.12
          0.125
          0.111
          0.126
          0.134
          0.145
          0.157
          0.124
          0.112
          0.139
          0.128
          0.151
          0.111
          0.136
          0.118
          0.149
          0.109
          0.122
          0.111
          0.107
          0.096
          0.118
          0.102
          0.107
           0.09
          0.108
            0.1
          0.109
          0.116
          0.106
          0.117
          0.097
          0.099
          0.106
          0.077
          0.103
          0.118
          0.095
          0.101
          0.103
          0.098
          0.111
          0.089
          0.082
            0.1
          0.087
          0.083
          0.112
          0.097
            0.1
          0.085
          0.076
          0.091
          0.106
           0.09
          0.108
          0.077
          0.084
          0.094
          0.075
          0.079
           0.08
          0.087
          0.105
          0.087
          0.074
          0.071
          0.081
          0.101
          0.072
          0.058
          0.078
          0.084
          0.071
          0.065
          0.063
          0.061
          0.083
          0.096
           0.06
          0.072
          0.075
          0.087
           0.07
          0.065
          0.065
          0.062
          0.077
          0.072
          0.056
          0.083
          0.074
          0.068
          0.068
          0.068
          0.061
          0.059
          0.058
          0.073
          0.059
          0.061
          0.066
          0.068
          0.072
          0.053
           0.06
          0.069
          0.076
           0.07
          0.059
          0.065
          0.072
          0.055
          0.061
          0.053
          0.063
          0.059
          0.059
          0.051
          0.057
          0.051
          0.057
           0.05
          0.061
          0.049
          0.063
          0.054
           0.05
          0.065
           0.05
           0.06
          0.046
          0.054
          0.048
          0.053
          0.054
           0.05
          0.055
          0.043
          0.052
          0.048
          0.058
          0.058
          0.047
          0.046
           0.05
          0.048
           0.05
          0.041
          0.047
          0.036
          0.053
          0.049
          0.056
          0.043
          0.045
          0.045
          0.036
          0.048
          0.045
          0.045
          0.044
          0.042
          0.037
          0.052
          0.042
          0.048
           0.05
          0.053
          0.044
          0.047
          0.033
          0.051
          0.038
          0.049
          0.056
          0.041
          0.048
          0.023
           0.04
          0.048
          0.036
          0.036
          0.046
          0.059
          0.042
          0.044
          0.039
          0.039
          0.046
          0.033
          0.038
          0.037
          0.048
          0.041
          0.036
          0.051
          0.038
          0.043
          0.038
          0.033
          0.041
          0.043
          0.026
          0.058
          0.041
          0.035
          0.038
          0.032
          0.043
          0.039
          0.041
          0.043
          0.037
          0.041
          0.047
          0.032
          0.023
          0.028
          0.039
          0.041
          0.032
          0.038
          0.035
          0.028
          0.028
          0.036
          0.044
          0.036
          0.041
          0.038
          0.031
          0.034
           0.03
          0.033
          0.031
          0.039
          0.028
          0.026
           0.04
          0.036
          0.037
          0.033
          0.036
          0.032
          0.034
          0.036
          0.022
          0.033
          0.035
          0.042
          0.024
          0.025
          0.027
          0.035
          0.021
          0.018
          0.037
          0.027
          0.037
          0.026
          0.034
          0.028
          0.033
          0.035
          0.036
          0.031
          0.023
          0.037
          0.032
          0.028
          0.027
          0.026
          0.035
          0.026
          0.022
          0.026
          0.027
           0.02
          0.019
           0.03
          0.027
          0.024
          0.027
          0.017
          0.033
          0.034
          0.035
          0.029
           0.02
          0.027
          0.027
          0.025
          0.024
          0.028
          0.045
          0.026
          0.041
          0.019
           0.03
          0.025
          0.022
          0.023
           0.02
          0.022
          0.024
          0.024
          0.026
          0.027
          0.021
          0.019
          0.029
          0.022
          0.024
          0.015
          0.034
          0.023
          0.027
          0.023
          0.021
          0.028
          0.028
          0.028
          0.023
          0.019
          0.027
          0.035
          0.029
           0.02
          0.027
          0.024
          0.023
          0.031
          0.024
          0.022
          0.023
          0.025
          0.029
          0.024
          0.021
          0.019
          0.018
          0.029
          0.022
          0.021
          0.026
          0.013
          0.034
          0.025
          0.026
          0.024
          0.022
          0.023
          0.023
          0.015
          0.025
          0.023
          0.025
          0.031
          0.031
          0.017
          0.022
          0.021
          0.019
          0.017
          0.018
          0.016
          0.025
          0.022
          0.023
          0.019
           0.02
          0.023
          0.019
          0.016
          0.015
          0.017
          0.019
          0.021
          0.026
          0.023
          0.019
           0.02
          0.022
          0.019
          0.033
          0.012
          0.024
          0.024
          0.016
          0.032
          0.016
           0.02
          0.028
          0.015
          0.012
          0.023
           0.02
          0.014
          0.013
          0.023
           0.02
          0.017
          0.017
          0.016
          0.017
          0.018
          0.021
           0.02
          0.021
          0.009
          0.016
          0.021
          0.022
           0.02
          0.014
          0.012
          0.018
          0.012
          0.007
          0.013
          0.015
          0.018
          0.013
          0.015
          0.012
          0.013
          0.012
          0.017
          0.017
          0.017
          0.019
          0.012
          0.013
          0.016
          0.021
          0.024
          0.018
          0.014
          0.016
          0.022
          0.018
          0.022
          0.015
          0.018
          0.017
          0.013
          0.018
          0.014
          0.016
          0.015
          0.015
          0.017
          0.014
          0.015
          0.018
          0.016
          0.015
          0.017
          0.021
          0.016
          0.011
          0.013
          0.012
          0.016
          0.011
          0.016
          0.011
          0.022
          0.022
          0.013
          0.015
          0.015
          0.011
          0.018
          0.011
          0.018
          0.013
           0.01
          0.013
          0.016
           0.02
          0.009
          0.014
          0.016
          0.019
          0.011
          0.023
           0.01
          0.015
          0.015
          0.015
          0.016
          0.012
          0.015
          0.011
          0.022
          0.018
          0.023
          0.015
          0.015
          0.013
          0.013
          0.015
          0.012
          0.014
