             0.0011998615            -0.0016916662             0.0020335695
             0.0024199011            -0.0034107948             0.0040989438
             0.0036594624            -0.0051554495             0.0061925596
              0.004917872            -0.0069236512             0.0083107809
             0.0061944404            -0.0087133801              0.010449906
             0.0074884623             -0.010522578              0.012606173
             0.0087992176             -0.012349153              0.014775769
              0.010125971              -0.01419098              0.016954837
              0.011467975             -0.016045902              0.019139481
              0.012824468             -0.017911739              0.021325774
              0.014194674             -0.019786284              0.023509768
              0.015577809             -0.021667311              0.025687499
              0.016973075             -0.023552575              0.027854996
              0.018379664             -0.025439817              0.030008285
               0.01979676             -0.027326766              0.032143403
              0.021223536             -0.029211139              0.034256399
              0.022659157             -0.031090652              0.036343348
              0.024102782             -0.032963016               0.03840035
              0.025553562             -0.034825941              0.040423548
              0.027010643             -0.036677143              0.042409127
              0.028473163             -0.038514342              0.044353323
               0.02994026              -0.04033527              0.046252436
              0.031411064              -0.04213767               0.04810283
              0.032884705             -0.043919301              0.049900941
              0.034360309             -0.045677942              0.051643289
              0.035837002             -0.047411391              0.053326481
              0.037313908             -0.049117474              0.054947215
              0.038790154             -0.050794041              0.056502292
              0.040264863             -0.052438976               0.05798862
              0.041737165             -0.054050193              0.059403216
              0.043206189             -0.055625644               0.06074322
              0.044671069             -0.057163321              0.062005891
              0.046130942             -0.058661253               0.06318862
              0.047584951             -0.060117518              0.064288932
              0.049032242             -0.061530237               0.06530449
              0.050471971             -0.062897582              0.066233099
              0.051903297             -0.064217776              0.067072714
              0.053325391             -0.065489095              0.067821441
              0.054737428             -0.066709872               0.06847754
              0.056138595             -0.067878497              0.069039429
              0.057528088             -0.068993421               0.06950569
              0.058905113             -0.070053157              0.069875067
              0.060268888             -0.071056282               0.07014647
              0.061618643             -0.072001437               0.07031898
              0.062953618             -0.072887334              0.070391846
              0.064273069              -0.07371275              0.070364489
              0.065576265             -0.074476534              0.070236504
              0.066862487             -0.075177608              0.070007659
              0.068131033             -0.075814966              0.069677895
              0.069381217             -0.076387676              0.069247328
              0.070612365             -0.076894881              0.068716245
              0.071823824               -0.0773358              0.068085111
              0.073014955             -0.077709731              0.067354558
              0.074185136             -0.078016046              0.066525391
              0.075333765             -0.078254199              0.065598585
              0.076460257             -0.078423719              0.064575281
              0.077564045             -0.078524218              0.063456785
              0.078644582             -0.078555383              0.062244567
              0.079701339             -0.078516983              0.060940256
              0.080733809             -0.078408867              0.059545635
              0.081741502             -0.078230961              0.058062645
               0.08272395             -0.077983272              0.056493373
              0.083680706             -0.077665884              0.054840053
              0.084611343             -0.077278962              0.053105058
              0.085515456             -0.076822745              0.051290902
              0.086392659             -0.076297553              0.049400227
              0.087242589              -0.07570378              0.047435804
              0.088064906             -0.075041896              0.045400527
              0.088859289             -0.074312447              0.043297404
              0.089625441             -0.073516049              0.041129557
              0.090363085             -0.072653395               0.03890021
              0.091071967             -0.071725245              0.036612689
              0.091751856             -0.070732432              0.034270412
               0.09240254             -0.069675856              0.031876885
              0.093023833             -0.068556483              0.029435693
              0.093615569             -0.067375346              0.026950498
              0.094177602             -0.066133541              0.024425026
              0.094709812             -0.064832225              0.021863066
              0.095212098             -0.063472615              0.019268463
              0.095684382             -0.062055989              0.016645104
              0.096126605             -0.060583677              0.013996923
              0.096538734             -0.059057066              0.011327882
              0.096920752             -0.057477595             0.0086419735
              0.097272668             -0.055846752             0.0059432075
              0.097594507             -0.054166072             0.0032356077
              0.097886319             -0.052437138            0.00052320351
              0.098148172             -0.050661575            -0.0021899767
              0.098380154             -0.048841048            -0.0048999125
              0.098582373             -0.046977262            -0.0076025978
              0.098754957             -0.045071957             -0.010294048
              0.098898052             -0.043126909             -0.012970307
              0.099011826             -0.041143924             -0.015627451
               0.09909646             -0.039124836               -0.0182616
              0.099152159             -0.037071506              -0.02086892
              0.099179142              -0.03498582             -0.023445629
              0.099177646             -0.032869685             -0.025988006
              0.099147925             -0.030725027             -0.028492395
               0.09909025             -0.028553788             -0.030955209
              0.099004909             -0.026357925             -0.033372941
              0.098892204             -0.024139405             -0.035742163
              0.098752452             -0.021900205             -0.038059535
              0.098585986             -0.019642309             -0.040321808
              0.098393153             -0.017367704             -0.042525831
              0.098174314             -0.015078381             -0.044668554
              0.097929842             -0.012776327              -0.04674703
              0.097660124             -0.010463529             -0.048758426
               0.09736556            -0.0081419664             -0.050700019
               0.09704656            -0.0058136122             -0.052569206
              0.096703547            -0.0034804291               -0.0543635
              0.096336953            -0.0011443675             -0.056080544
              0.095947223             0.0011926362             -0.057718102
              0.095534809             0.0035286625             -0.059274069
              0.095100175             0.0058618101             -0.060746474
              0.094643791             0.0081901987             -0.062133476
              0.094166137               0.01051197             -0.063433372
                0.0936677              0.012825291             -0.064644596
              0.093148975              0.015128355              -0.06576572
              0.092610463              0.017419382             -0.066795455
              0.092052671              0.019696625             -0.067732654
              0.091476112              0.021958365              -0.06857631
              0.090881304              0.024202919              -0.06932556
              0.090268771              0.026428637             -0.069979679
              0.089639037              0.028633907             -0.070538086
              0.088992635              0.030817153              -0.07100034
              0.088330097               0.03297684              -0.07136614
               0.08765196              0.035111472             -0.071635326
              0.086958761              0.037219594             -0.071807875
              0.086251042              0.039299795             -0.071883902
              0.085529342              0.041350707             -0.071863657
              0.084794203              0.043371007             -0.071747524
              0.084046168              0.045359417             -0.071536019
              0.083285778              0.047314706             -0.071229787
              0.082513574              0.049235691             -0.070829602
              0.081730097              0.051121235              -0.07033636
              0.080935884              0.052970252              -0.06975108
              0.080131472              0.054781703             -0.069074902
              0.079317396              0.056554598             -0.068309078
              0.078494186                 0.058288             -0.067454977
              0.077662372              0.059981019             -0.066514075
              0.076822477              0.061632818             -0.065487953
              0.075975023              0.063242609             -0.064378296
              0.075120526              0.064809655             -0.063186886
              0.074259498              0.066333271               -0.0619156
              0.073392447              0.067812822             -0.060566407
              0.072519874              0.069247724             -0.059141359
              0.071642275              0.070637443             -0.057642592
              0.070760141              0.071981496             -0.056072321
              0.069873957               0.07327945             -0.054432833
              0.068984199              0.074530921             -0.052726483
               0.06809134              0.075735576             -0.050955695
              0.067195843              0.076893129             -0.049122948
              0.066298165              0.078003345             -0.047230781
              0.065398756              0.079066033             -0.045281782
              0.064498058              0.080081054             -0.043278585
              0.063596506               0.08104831             -0.041223867
              0.062694524              0.081967755             -0.039120344
              0.061792531              0.082839383             -0.036970762
              0.060890937              0.083663234             -0.034777898
              0.059990143              0.084439393              -0.03254455
               0.05909054              0.085167986             -0.030273538
              0.058192513              0.085849181             -0.027967695
              0.057296435              0.086483187             -0.025629867
              0.056402672              0.087070252             -0.023262903
              0.055511581              0.087610663             -0.020869657
              0.054623509              0.088104745             -0.018452978
              0.053738793              0.088552859              -0.01601571
              0.052857761              0.088955403             -0.013560687
              0.051980734              0.089312807             -0.011090728
              0.051108019              0.089625537            -0.0086086331
              0.050239918              0.089894088            -0.0061171815
               0.04937672              0.090118988            -0.0036191259
              0.048518706              0.090300794            -0.0011171899
              0.047666148              0.090440092             0.0013859356
              0.046819306              0.090537495             0.0038875958
              0.045978435               0.09059364             0.0063851753
              0.045143775              0.090609193             0.0088761009
               0.04431556               0.09058484              0.011357845
              0.043494014              0.090521291              0.013827928
              0.042679351              0.090419277              0.016283921
              0.041871776              0.090279548               0.01872345
              0.041071484              0.090102873              0.021144194
              0.040278662              0.089890039              0.023543894
              0.039493487              0.089641849              0.025920348
              0.038716127               0.08935912              0.028271418
              0.037946742              0.089042684              0.030595031
              0.037185481              0.088693385              0.032889179
              0.036432487              0.088312077              0.035151922
              0.035687892              0.087899628              0.037381388
              0.034951821              0.087456911              0.039575778
               0.03422439              0.086984808              0.041733363
              0.033505705               0.08648421              0.043852486
              0.032795868               0.08595601              0.045931566
              0.032094968              0.085401109              0.047969094
               0.03140309              0.084820409              0.049963637
               0.03072031              0.084214815              0.051913839
              0.030046695              0.083585236              0.053818418
              0.029382307              0.082932577              0.055676169
              0.028727198              0.082257746              0.057485963
              0.028081416              0.081561648              0.059246748
              0.027444999              0.080845186              0.060957548
               0.02681798               0.08010926              0.062617464
              0.026200384              0.079354765              0.064225671
              0.025592232              0.078582593               0.06578142
              0.024993535              0.077793626              0.067284037
                0.0244043              0.076988745              0.068732922
              0.023824529              0.076168818              0.070127549
              0.023254216               0.07533471              0.071467463
               0.02269335              0.074487274              0.072752282
              0.022141916              0.073627355              0.073981694
              0.021599891              0.072755786              0.075155455
              0.021067249              0.071873392              0.076273391
              0.020543958              0.070980985              0.077335396
              0.020029981              0.070079365              0.078341426
              0.019525278              0.069169321              0.079291503
              0.019029802              0.068251628              0.080185714
              0.018543504              0.067327048              0.081024203
               0.01806633              0.066396329              0.081807177
              0.017598221              0.065460206              0.082534898
              0.017139115              0.064519399              0.083207687
              0.016688948              0.063574611              0.083825919
              0.016247649              0.062626533              0.084390019
              0.015815147              0.061675839              0.084900466
              0.015391367              0.060723186              0.085357787
              0.014976228              0.059769218              0.085762557
              0.014569651              0.058814561              0.086115395
              0.014171551              0.057859824              0.086416963
              0.013781841              0.056905601              0.086667968
              0.013400432              0.055952467              0.086869151
              0.013027234              0.055000984              0.087021297
              0.012662152              0.054051693              0.087125221
              0.012305092              0.053105122              0.087181775
              0.011955955              0.052161777              0.087191842
              0.011614643              0.051222152              0.087156335
              0.011281056              0.050286722              0.087076194
              0.010955092              0.049355944              0.086952386
              0.010636647              0.048430259              0.086785901
              0.010325617              0.047510091              0.086577752
              0.010021896              0.046595848              0.086328973
             0.0097253776               0.04568792              0.086040614
              0.009435955               0.04478668              0.085713744
             0.0091535198              0.043892487              0.085349445
             0.0088779634              0.043005681              0.084948814
             0.0086091766              0.042126588              0.084512957
             0.0083470497              0.041255515              0.084042991
             0.0080914728              0.040392757              0.083540041
             0.0078423358               0.03953859              0.083005237
             0.0075995283              0.038693277              0.082439715
             0.0073629402              0.037857065              0.081844614
             0.0071324611              0.037030184              0.081221073
             0.0069079809              0.036212853              0.080570232
             0.0066893896              0.035405275              0.079893231
             0.0064765777              0.034607637              0.079191206
             0.0062694358              0.033820115              0.078465287
             0.0060678552              0.033042869              0.077716603
             0.0058717274              0.032276048              0.076946273
             0.0056809449              0.031519785              0.076155408
             0.0054954003              0.030774202              0.075345113
             0.0053149873              0.030039409               0.07451648
             0.0051396002              0.029315504               0.07367059
             0.0049691341               0.02860257              0.072808514
             0.0048034849              0.027900683              0.071931308
             0.0046425496              0.027209904              0.071040015
             0.0044862259              0.026530286              0.070135662
             0.0043344126              0.025861869               0.06921926
             0.0041870097              0.025204685              0.068291806
             0.0040439178              0.024558754              0.067354277
             0.0039050392              0.023924087              0.066407633
             0.0037702769              0.023300686              0.065452816
             0.0036395353              0.022688545              0.064490749
             0.0035127198              0.022087648              0.063522335
             0.0033897373              0.021497971              0.062548456
             0.0032704956              0.020919482              0.061569974
             0.0031549042              0.020352141              0.060587731
             0.0030428734              0.019795901              0.059602547
             0.0029343153              0.019250708              0.058615221
              0.002829143              0.018716502              0.057626528
             0.0027272711              0.018193214              0.056637222
             0.0026286154              0.017680771              0.055648037
             0.0025330933              0.017179094               0.05465968
             0.0024406233              0.016688098               0.05367284
             0.0023511255              0.016207692               0.05268818
             0.0022645213              0.015737782              0.051706341
             0.0021807335              0.015278267              0.050727942
             0.0020996863              0.014829042              0.049753579
             0.0020213053                  0.01439              0.048783825
             0.0019455176              0.013961027               0.04781923
             0.0018722515              0.013542008              0.046860323
             0.0018014367              0.013132822              0.045907608
             0.0017330046              0.012733346               0.04496157
             0.0016668876              0.012343456              0.044022669
             0.0016030198              0.011963022              0.043091344
             0.0015413363              0.011591914              0.042168015
             0.0014817741              0.011229998              0.041253077
              0.001424271              0.010877139              0.040346905
             0.0013687666                0.0105332              0.039449854
             0.0013152014              0.010198042              0.038562258
             0.0012635177              0.009871525              0.037684431
             0.0012136588             0.0095535078              0.036816667
             0.0011655694              0.009243848               0.03595924
             0.0011191954             0.0089424021              0.035112407
             0.0010744841             0.0086490262              0.034276404
              0.001031384             0.0083635757               0.03345145
            0.00098984485             0.0080859056              0.032637745
            0.00094981767             0.0078158709              0.031835472
            0.00091125464             0.0075533263              0.031044797
            0.00087410915             0.0072981267               0.03026587
            0.00083833578             0.0070501269              0.029498824
            0.00080389026             0.0068091825              0.028743777
            0.00077072948             0.0065751492              0.028000829
            0.00073881145             0.0063478834              0.027270069
            0.00070809529             0.0061272421              0.026551569
            0.00067854122             0.0059130832              0.025845389
            0.00065011053             0.0057052655              0.025151572
            0.00062276555             0.0055036486              0.024470152
            0.00059646967             0.0053080934              0.023801148
            0.00057118727             0.0051184618              0.023144567
            0.00054688375             0.0049346171              0.022500406
            0.00052352549             0.0047564237              0.021868647
             0.0005010798             0.0045837475              0.021249266
            0.00047951497             0.0044164561              0.020642224
            0.00045880018             0.0042544181              0.020047476
            0.00043890554             0.0040975042              0.019464964
            0.00041980202             0.0039455864              0.018894625
            0.00040146146             0.0037985385              0.018336383
            0.00038385656             0.0036562359              0.017790156
            0.00036696083             0.0035185559              0.017255854
             0.0003507486             0.0033853777              0.016733379
            0.00033519499              0.003256582              0.016222627
            0.00032027588             0.0031320517              0.015723487
            0.00030596792             0.0030116713               0.01523584
            0.00029224847             0.0028953274              0.014759564
            0.00027909564             0.0027829085              0.014294529
            0.00026648822             0.0026743049              0.013840601
            0.00025440568             0.0025694092              0.013397642
            0.00024282816             0.0024681156              0.012965506
            0.00023173646             0.0023703205              0.012544047
            0.00022111198             0.0022759221              0.012133113
            0.00021093678             0.0021848207              0.011732549
            0.00020119347             0.0020969187              0.011342196
            0.00019186526             0.0020121202              0.010961893
            0.00018293595             0.0019303315              0.010591476
            0.00017438986             0.0018514608              0.010230778
            0.00016621185             0.0017754181             0.0098796299
            0.00015838731             0.0017021157             0.0095378622
            0.00015090212             0.0016314676             0.0092053021
            0.00014374266             0.0015633896              0.008881776
            0.00013689579             0.0014977997              0.008567109
            0.00013034882             0.0014346175             0.0082611251
            0.00012408951             0.0013737647             0.0079636477
            0.00011810606             0.0013151648             0.0076744994
             0.0001123871             0.0012587429             0.0073935026
            0.00010692163             0.0012044262             0.0071204791
            0.00010169908             0.0011521436             0.0068552511
            9.6709264e-05             0.0011018255             0.0065976403
            9.1942336e-05             0.0010534043             0.0063474691
            8.7388831e-05             0.0010068141             0.0061045599
            8.3039624e-05            0.00096199036             0.0058687359
            7.8885924e-05            0.00091887055             0.0056398205
            7.4919264e-05            0.00087739352             0.0054176381
            7.1131488e-05            0.00083749975             0.0052020139
            6.7514741e-05            0.00079913126             0.0049927736
            6.4061459e-05            0.00076223157             0.0047897444
             6.076436e-05            0.00072674567             0.0045927542
            5.7616429e-05            0.00069262002             0.0044016321
            5.4610914e-05            0.00065980244             0.0042162083
             5.174131e-05            0.00062824216             0.0040363143
            4.9001358e-05            0.00059788971             0.0038617828
            4.6385026e-05            0.00056869694             0.0036924479
            4.3886508e-05            0.00054061696             0.0035281448
            4.1500211e-05            0.00051360409               0.00336871
            3.9220745e-05            0.00048761384             0.0032139817
             3.704292e-05            0.00046260288             0.0030637989
            3.4961734e-05            0.00043852898             0.0029180024
            3.2972361e-05            0.00041535098             0.0027764339
            3.1070153e-05            0.00039302875             0.0026389367
            2.9250621e-05            0.00037152315             0.0025053551
            2.7509437e-05            0.00035079598             0.0023755348
            2.5842417e-05            0.00033080999             0.0022493224
            2.4245521e-05            0.00031152874             0.0021265658
            2.2714844e-05            0.00029291667              0.002007114
            2.1246608e-05            0.00027493896             0.0018908167
            1.9837152e-05            0.00025756155             0.0017775247
            1.8482931e-05            0.00024075109             0.0016670896
            1.7180502e-05            0.00022447485             0.0015593634
            1.5926522e-05            0.00020870073             0.0014541991
            1.4717741e-05            0.00019339718             0.0013514498
            1.3550992e-05            0.00017853317             0.0012509693
            1.2423189e-05            0.00016407814             0.0011526114
            1.1331314e-05            0.00015000193               0.00105623
            1.0272414e-05            0.00013627476            0.00096167887
            9.2435943e-06            0.00012286716            0.00086881174
            8.2420092e-06            0.00010974992            0.00077748175
            7.2648584e-06            9.6894059e-05            0.00068754151
            6.3093785e-06            8.4270719e-05            0.00059884282
            5.3728353e-06            7.1851156e-05            0.00051123649
            4.4525171e-06             5.960666e-05            0.00042457213
            3.5457261e-06            4.7508495e-05            0.00033869787
             2.649773e-06            3.5527839e-05            0.00025346018
            1.7619686e-06            2.3635716e-05            0.00016870354
            8.7961592e-07            1.1802932e-05            8.4270233e-05
