             0.0017463785              -0.00237109             0.0027908036
             0.0035162591            -0.0047722255             0.0056147445
             0.0053083445             -0.007199746              0.008465249
             0.0071213138            -0.0096499322              0.011335649
             0.0089538238             -0.012119012                0.0142192
              0.010804511             -0.014603169              0.017109095
              0.012671991             -0.017098545              0.019998485
              0.014554865             -0.019601251              0.022880493
              0.016451715             -0.022107372              0.025748233
               0.01836111             -0.024612974              0.028594825
              0.020281606             -0.027114111              0.031413415
              0.022211749             -0.029606831              0.034197192
              0.024150074             -0.032087185              0.036939401
              0.026095107             -0.034551231              0.039633366
              0.028045372             -0.036995045              0.042272501
              0.029999384             -0.039414723              0.044850331
              0.031955658             -0.041806392              0.047360505
              0.033912707             -0.044166212              0.049796815
              0.035869044             -0.046490391               0.05215321
              0.037823186              -0.04877518              0.054423808
              0.039773652             -0.051016891              0.056602917
              0.041718968             -0.053211895              0.058685046
              0.043657667             -0.055356632              0.060664917
               0.04558829             -0.057447618              0.062537482
               0.04750939             -0.059481447              0.064297932
              0.049419531             -0.061454802              0.065941711
              0.051317292             -0.063364455              0.067464528
              0.053201266             -0.065207279              0.068862365
              0.055070063             -0.066980245               0.07013149
              0.056922312             -0.068680437              0.071268461
              0.058756662             -0.070305047              0.072270143
              0.060571783             -0.071851386              0.073133707
              0.062366367             -0.073316886              0.073856641
              0.064139131             -0.074699106              0.074436756
              0.065888818             -0.075995732              0.074872191
              0.067614195             -0.077204585              0.075161414
               0.06931406             -0.078323622              0.075303232
              0.070987238             -0.079350939              0.075296787
              0.072632587             -0.080284774              0.075141563
              0.074248993             -0.081123512              0.074837383
              0.075835377             -0.081865681               0.07438441
              0.077390693             -0.082509963              0.073783149
              0.078913929             -0.083055188              0.073034441
              0.080404109             -0.083500337              0.072139462
              0.081860292             -0.083844548              0.071099723
              0.083281577             -0.084087108               0.06991706
              0.084667097             -0.084227464              0.068593633
              0.086016027             -0.084265213              0.067131918
              0.087327579              -0.08420011              0.065534704
              0.088601006             -0.084032063              0.063805081
                0.0898356             -0.083761133              0.061946434
              0.091030695             -0.083387537              0.059962435
              0.092185665             -0.082911639              0.057857034
              0.093299927             -0.082333957              0.055634446
              0.094372939             -0.081655157              0.053299143
              0.095404201             -0.080876048              0.050855842
              0.096393255             -0.079997588              0.048309494
              0.097339686             -0.079020874              0.045665268
              0.098243121             -0.077947143              0.042928544
              0.099103229             -0.076777767              0.040104894
              0.099919723             -0.075514252              0.037200074
               0.10069236             -0.074158232              0.034220005
               0.10142093              -0.07271147              0.031170761
               0.10210527             -0.071175847              0.028058555
               0.10274527             -0.069553365              0.024889721
               0.10334084             -0.067846139              0.021670703
               0.10389195             -0.066056392              0.018408039
                0.1043986             -0.064186455               0.01510834
               0.10486084             -0.062238756              0.011778285
               0.10527874             -0.060215822             0.0084245942
               0.10565243             -0.058120268             0.0050540221
               0.10598206             -0.055954795             0.0016733379
               0.10626784             -0.053722186            -0.0017106892
                  0.10651             -0.051425298            -0.0050913045
               0.10670881             -0.049067057            -0.0084617838
               0.10686457             -0.046650456             -0.011815447
               0.10697763             -0.044178545             -0.015145676
               0.10704837             -0.041654429             -0.018445923
               0.10707719             -0.039081259             -0.021709731
               0.10706453             -0.036462233             -0.024930744
               0.10701086              -0.03380058             -0.028102722
                0.1069167             -0.031099566             -0.031219553
               0.10678256              -0.02836248             -0.034275264
               0.10660901             -0.025592632             -0.037264037
               0.10639663             -0.022793347             -0.040180218
               0.10614604             -0.019967959             -0.043018329
               0.10585788             -0.017119808             -0.045773077
               0.10553281             -0.014252231             -0.048439367
               0.10517152             -0.011368559             -0.051012309
                0.1047747             -0.008472112             -0.053487226
                0.1043431            -0.0055661924             -0.055859668
               0.10387746            -0.0026540816             -0.058125411
               0.10337854            0.00026096558             -0.060280473
               0.10284714             0.0031757256             -0.062321113
               0.10228404             0.0060870108             -0.064243841
               0.10169006              0.008991674             -0.066045423
               0.10106604              0.011886613             -0.067722883
               0.10041282              0.014768773             -0.069273509
              0.099731238              0.017635155             -0.070694856
              0.099022173              0.020482814             -0.071984747
              0.098286492              0.023308868             -0.073141276
              0.097525079              0.026110498              -0.07416281
              0.096738821              0.028884952             -0.075047987
              0.095928613              0.031629551             -0.075795718
              0.095095355              0.034341688             -0.076405186
              0.094239951              0.037018833             -0.076875846
              0.093363307              0.039658537             -0.077207417
              0.092466331              0.042258432              -0.07739989
              0.091549933              0.044816234             -0.077453513
               0.09061502              0.047329745             -0.077368797
              0.089662502              0.049796858             -0.077146507
              0.088693282              0.052215554             -0.076787658
              0.087708264              0.054583905             -0.076293509
              0.086708346              0.056900079             -0.075665561
              0.085694422              0.059162336             -0.074905547
              0.084667378              0.061369032             -0.074015424
              0.083628097               0.06351862             -0.072997374
              0.082577452               0.06560965             -0.071853785
              0.081516308              0.067640766             -0.070587255
              0.080445523              0.069610714             -0.069200576
              0.079365942              0.071518335             -0.067696726
              0.078278404               0.07336257             -0.066078866
              0.077183733              0.075142454             -0.064350324
              0.076082742              0.076857121             -0.062514593
              0.074976235              0.078505804             -0.060575313
              0.073864999              0.080087826             -0.058536269
              0.072749809              0.081602611             -0.056401379
              0.071631428              0.083049673             -0.054174682
              0.070510601               0.08442862             -0.051860331
              0.069388062              0.085739152              -0.04946258
              0.068264525              0.086981059             -0.046985776
              0.067140694              0.088154219              -0.04443435
              0.066017251              0.089258599             -0.041812803
              0.064894866              0.090294248             -0.039125701
              0.063774191              0.091261302             -0.036377659
              0.062655859              0.092159975             -0.033573337
              0.061540489              0.092990563             -0.030717426
               0.06042868              0.093753439              -0.02781464
              0.059321015              0.094449049             -0.024869707
              0.058218056              0.095077915             -0.021887357
              0.057120352              0.095640626             -0.018872316
              0.056028429              0.096137842             -0.015829294
              0.054942798              0.096570286             -0.012762978
              0.053863951              0.096938745            -0.0096780225
               0.05279236              0.097244067            -0.0065790425
              0.051728481              0.097487157            -0.0034706032
               0.05067275              0.097668975           -0.00035721359
              0.049625586              0.097790534             0.0027566814
              0.048587388              0.097852895             0.0058667083
              0.047558539              0.097857169             0.0089685719
              0.046539403              0.097804508              0.012058062
              0.045530325              0.097696108               0.01513106
              0.044531634              0.097533203              0.018183544
              0.043543639              0.097317062              0.021211596
              0.042566636               0.09704899              0.024211405
              0.041600898              0.096730319              0.027179275
              0.040646684              0.096362412              0.030111626
              0.039704237              0.095946656                 0.033005
              0.038773782              0.095484461              0.035856068
              0.037855527              0.094977257              0.038661627
              0.036949666              0.094426492              0.041418608
              0.036056375              0.093833629              0.044124078
              0.035175815              0.093200142              0.046775242
              0.034308133              0.092527517              0.049369445
              0.033453461              0.091817247              0.051904173
              0.032611914              0.091070831              0.054377057
              0.031783595              0.090289771              0.056785872
              0.030968593              0.089475569              0.059128537
              0.030166982              0.088629727              0.061403119
              0.029378824              0.087753745               0.06360783
              0.028604168              0.086849114              0.065741027
               0.02784305              0.085917322              0.067801213
              0.027095494              0.084959844              0.069787037
              0.026361512              0.083978148              0.071697288
              0.025641105              0.082973687              0.073530902
              0.024934262              0.081947901              0.075286952
              0.024240963              0.080902213              0.076964651
              0.023561177              0.079838029               0.07856335
              0.022894861              0.078756738              0.080082533
              0.022241966              0.077659705              0.081521819
              0.021602431              0.076548279              0.082880953
              0.020976188              0.075423781               0.08415981
              0.020363158              0.074287511              0.085358387
              0.019763258              0.073140744                0.0864768
              0.019176393               0.07198473              0.087515286
              0.018602464               0.07082069              0.088474192
              0.018041362               0.06964982              0.089353977
              0.017492974              0.068473284              0.090155205
               0.01695718              0.067292222              0.090878544
              0.016433853               0.06610774              0.091524759
              0.015922861              0.064920916               0.09209471
              0.015424067              0.063732796              0.092589347
               0.01493733              0.062544396              0.093009707
              0.014462502              0.061356701              0.093356907
              0.013999432              0.060170661              0.093632145
              0.013547966              0.058987199              0.093836688
              0.013107944                0.0578072              0.093971877
              0.012679205              0.056631521              0.094039114
              0.012261584              0.055460985              0.094039864
              0.011854913              0.054296382              0.093975647
              0.011459021              0.053138471              0.093848034
              0.011073736              0.051987978              0.093658647
              0.010698883              0.050845596              0.093409149
              0.010334286              0.049711987              0.093101243
             0.0099797665               0.04858778              0.092736667
             0.0096351456              0.047473576              0.092317193
             0.0093002433              0.046369939              0.091844617
             0.0089748785              0.045277408              0.091320759
             0.0086588698              0.044196488              0.090747461
             0.0083520353              0.043127654               0.09012658
              0.008054193              0.042071354              0.089459984
             0.0077651606              0.041028004               0.08874955
             0.0074847566              0.039997992              0.087997164
             0.0072127993               0.03898168              0.087204709
             0.0069491079                0.0379794              0.086374071
             0.0066935022              0.036991459               0.08550713
             0.0064458029              0.036018135              0.084605758
             0.0062058317              0.035059683              0.083671818
             0.0059734114              0.034116332              0.082707161
             0.0057483662              0.033188286              0.081713622
             0.0055305216              0.032275726              0.080693016
             0.0053197047               0.03137881              0.079647142
             0.0051157442              0.030497671              0.078577772
             0.0049184705              0.029632425              0.077486655
             0.0047277161              0.028783162              0.076375514
              0.004543315              0.027949956              0.075246044
             0.0043651036              0.027132858              0.074099906
             0.0041929203              0.026331903              0.072938733
             0.0040266054              0.025547104              0.071764122
             0.0038660019               0.02477846              0.070577636
             0.0037109547              0.024025952              0.069380801
             0.0035613113              0.023289545              0.068175106
             0.0034169215              0.022569188              0.066962002
             0.0032776375              0.021864815                0.0657429
             0.0031433142              0.021176348               0.06451917
             0.0030138088              0.020503694              0.063292142
             0.0028889811              0.019846746              0.062063104
             0.0027686937              0.019205389              0.060833302
             0.0026528114              0.018579494              0.059603939
              0.002541202               0.01796892              0.058376175
             0.0024337358              0.017373518              0.057151128
             0.0023302857               0.01679313              0.055929871
             0.0022307274              0.016227587              0.054713435
              0.002134939              0.015676714              0.053502807
             0.0020428014              0.015140327               0.05229893
             0.0019541983              0.014618234              0.051102706
             0.0018690158              0.014110238              0.049914992
             0.0017871428              0.013616137              0.048736604
             0.0017084706               0.01313572              0.047568314
             0.0016328935              0.012668774              0.046410855
              0.001560308               0.01221508              0.045264917
             0.0014906133              0.011774417              0.044131149
             0.0014237112              0.011346557              0.043010162
              0.001359506              0.010931272              0.041902525
             0.0012979045               0.01052833               0.04080877
              0.001238816              0.010137496              0.039729392
              0.001182152             0.0097585354              0.038664846
             0.0011278268               0.00939121              0.037615553
             0.0010757567             0.0090352814              0.036581899
             0.0010258607             0.0086905103              0.035564232
            0.00097805981             0.0083566568              0.034562869
            0.00093227743             0.0080334813              0.033578094
             0.0008884392              0.007720744              0.032610159
            0.00084647295             0.0074182059              0.031659285
            0.00080630864             0.0071256285              0.030725663
            0.00076787839             0.0068427745              0.029809454
            0.00073111637              0.006569408              0.028910792
             0.0006959588             0.0063052943              0.028029785
             0.0006623439             0.0060502009              0.027166513
            0.00063021182             0.0058038967              0.026321033
            0.00059950467             0.0055661533              0.025493376
             0.0005701664             0.0053367441              0.024683552
            0.00054214281             0.0051154455              0.023891547
            0.00051538149             0.0049020362              0.023117327
            0.00048983176             0.0046962978              0.022360839
            0.00046544468             0.0044980149              0.021622008
            0.00044217294              0.004306975              0.020900745
             0.0004199709              0.004122969               0.02019694
            0.00039879446             0.0039457908              0.019510468
            0.00037860109             0.0037752379              0.018841189
            0.00035934975             0.0036111111               0.01818895
            0.00034100088             0.0034532147              0.017553581
            0.00032351633             0.0033013567              0.016934901
            0.00030685934             0.0031553486              0.016332719
            0.00029099449             0.0030150056               0.01574683
            0.00027588767             0.0028801468               0.01517702
            0.00026150604             0.0027505947              0.014623065
            0.00024781799             0.0026261759              0.014084734
            0.00023479312             0.0025067205              0.013561786
            0.00022240216             0.0023920627              0.013053973
            0.00021061699             0.0022820403              0.012561042
            0.00019941057             0.0021764948              0.012082731
            0.00018875691             0.0020752718              0.011618777
            0.00017863106             0.0019782204              0.011168908
            0.00016900902             0.0018851935               0.01073285
            0.00015986779             0.0017960479              0.010310326
            0.00015118527             0.0017106439             0.0099010556
            0.00014294024             0.0016288456             0.0095047549
            0.00013511238             0.0015505206              0.009121139
            0.00012768217             0.0014755403             0.0087499213
            0.00012063092             0.0014037794              0.008390814
            0.00011394069             0.0013351164             0.0080435289
            0.00010759431              0.001269433             0.0077077774
            0.00010157531             0.0012066144             0.0073832711
             9.586794e-05             0.0011465492             0.0070697221
            9.0457103e-05             0.0010891292             0.0067668432
            8.5328352e-05             0.0010342495             0.0064743485
            8.0467856e-05            0.00098180827             0.0061919534
            7.5862386e-05            0.00093170698             0.0059193752
            7.1499282e-05            0.00088384998             0.0056563328
            6.7366439e-05            0.00083814464             0.0054025476
            6.3452278e-05            0.00079450126             0.0051577431
            5.9745733e-05            0.00075283296             0.0049216453
             5.623622e-05            0.00071305564             0.0046939833
            5.2913626e-05            0.00067508792             0.0044744886
            4.9768286e-05            0.00063885101             0.0042628959
            4.6790964e-05            0.00060426872              0.004058943
            4.3972837e-05            0.00057126732             0.0038623708
            4.1305472e-05             0.0005397755             0.0036729233
            3.8780815e-05            0.00050972429             0.0034903482
            3.6391169e-05            0.00048104698             0.0033143962
            3.4129182e-05            0.00045367904             0.0031448214
            3.1987828e-05            0.00042755807             0.0029813813
            2.9960394e-05            0.00040262371             0.0028238369
            2.8040462e-05            0.00037881754             0.0026719521
            2.6221897e-05            0.00035608305             0.0025254946
            2.4498833e-05            0.00033436553              0.002384235
            2.2865657e-05              0.000313612              0.002247947
            2.1316998e-05            0.00029377115             0.0021164075
            1.9847712e-05            0.00027479322             0.0019893962
             1.845287e-05            0.00025662998             0.0018666958
            1.7127747e-05            0.00023923462             0.0017480915
            1.5867806e-05            0.00022256166             0.0016333711
             1.466869e-05            0.00020656689             0.0015223247
            1.3526209e-05            0.00019120727             0.0014147447
            1.2436325e-05            0.00017644089             0.0013104253
            1.1395147e-05            0.00016222685             0.0012091625
            1.0398916e-05            0.00014852516              0.001110754
            9.4439928e-06            0.00013529672             0.0010149985
            8.5268493e-06            0.00012250317            0.00092169568
            7.6440562e-06            0.00011010684            0.00083064617
            6.7922734e-06            9.8070645e-05            0.00074165078
            5.9682376e-06            8.6357991e-05            0.00065451045
            5.1687522e-06            7.4932693e-05            0.00056902581
            4.3906768e-06            6.3758868e-05            0.00048499682
            3.6309128e-06            5.2800839e-05            0.00040222239
            2.8863964e-06            4.2023029e-05            0.00032049992
            2.1540835e-06            3.1389862e-05             0.0002396249
              1.43094e-06            2.0865643e-05            0.00015939038
            7.1392981e-07            1.0414446e-05            7.9586521e-05
