             0.0025648883            -0.0031410778              0.003511851
             0.0051282065            -0.0062776688             0.0070158188
             0.0076883858             -0.009405293              0.010504039
              0.010243861             -0.012519485              0.013968684
              0.012793071             -0.015615802              0.017401981
              0.015334463             -0.018689827              0.020796233
              0.017866489             -0.021737182              0.024143834
              0.020387613              -0.02475353              0.027437286
              0.022896309             -0.027734583              0.030669221
              0.025391065              -0.03067611              0.033832413
              0.027870382             -0.033573944              0.036919801
              0.030332776             -0.036423987              0.039924498
              0.032776781             -0.039222216              0.042839813
              0.035200949             -0.041964693              0.045659263
              0.037603854             -0.044647565              0.048376592
              0.039984089             -0.047267076              0.050985779
              0.042340271             -0.049819569              0.053481058
               0.04467104             -0.052301495              0.055856929
              0.046975064             -0.054709413              0.058108166
              0.049251033             -0.057040001              0.060229838
              0.051497671             -0.059290058               0.06221731
              0.053713725             -0.061456507              0.064066261
              0.055897978             -0.063536404               0.06577269
              0.058049239             -0.065526939              0.067332922
              0.060166353              -0.06742544              0.068743623
              0.062248198             -0.069229378              0.070001799
              0.064293684             -0.070936371              0.071104808
              0.066301761             -0.072544185              0.072050361
               0.06827141             -0.074050738               0.07283653
              0.070201653             -0.075454102              0.073461749
              0.072091547             -0.076752508              0.073924816
               0.07394019             -0.077944345              0.074224898
              0.075746718             -0.079028162              0.074361526
              0.077510308             -0.080002671              0.074334603
              0.079230174             -0.080866747              0.074144394
              0.080905576             -0.081619431              0.073791531
              0.082535812             -0.082259926              0.073277005
              0.084120223             -0.082787603              0.072602167
              0.085658192             -0.083201996               0.07176872
              0.087149144             -0.083502805              0.070778714
              0.088592549             -0.083689894              0.069634543
              0.089987917             -0.083763292              0.068338933
              0.091334803             -0.083723186              0.066894939
              0.092632804             -0.083569929              0.065305932
              0.093881562             -0.083304031              0.063575593
              0.095080761             -0.082926158              0.061707904
              0.096230128             -0.082437132              0.059707132
              0.097329433             -0.081837929              0.057577825
              0.098378489             -0.081129674              0.055324794
              0.099377153             -0.080313636              0.052953103
               0.10032532             -0.079391233              0.050468058
               0.10122294              -0.07836402              0.047875191
               0.10206998             -0.077233688              0.045180247
               0.10286648             -0.076002063              0.042389168
               0.10361248             -0.074671099              0.039508084
               0.10430811             -0.073242875              0.036543291
                0.1049535             -0.071719589              0.033501239
               0.10554884             -0.070103556              0.030388518
               0.10609435             -0.068397202              0.027211839
               0.10659028             -0.066603058               0.02397802
               0.10703694             -0.064723758              0.020693972
               0.10743465              -0.06276203              0.017366678
               0.10778379             -0.060720694              0.014003179
               0.10808476             -0.058602656              0.010610562
               0.10833799             -0.056410901             0.0071959357
               0.10854396             -0.054148489             0.0037664229
               0.10870317             -0.051818549            0.00032913864
               0.10881615             -0.049424275            -0.0031088229
               0.10888347             -0.046968916            -0.0065404046
               0.10890571             -0.044455775            -0.0099586015
               0.10888351             -0.041888201             -0.013356476
                0.1088175             -0.039269585             -0.016727172
               0.10870837              -0.03660335             -0.020063931
               0.10855681             -0.033892951             -0.023360105
               0.10836354             -0.031141866             -0.026609168
               0.10812932              -0.02835359             -0.029804733
               0.10785491             -0.025531633             -0.032940563
               0.10754111             -0.022679507             -0.036010584
               0.10718871             -0.019800731             -0.039008893
               0.10679855             -0.016898816             -0.041929777
               0.10637148             -0.013977265             -0.044767714
               0.10590834             -0.011039568              -0.04751739
               0.10541003            -0.0080891916             -0.050173708
               0.10487742            -0.0051295809             -0.052731794
               0.10431143            -0.0021641501             -0.055187005
               0.10371296              0.000803721              -0.05753494
               0.10308295             0.0037706916             -0.059771445
               0.10242232             0.0067334643             -0.061892619
               0.10173202             0.0096887901             -0.063894821
               0.10101299              0.012633472             -0.065774672
                0.1002662              0.015564368             -0.067529064
              0.099492609              0.018478399             -0.069155158
              0.098693175              0.021372548             -0.070650394
               0.09786887              0.024243864             -0.072012485
              0.097020664               0.02708947             -0.073239426
              0.096149528              0.029906561              -0.07432949
              0.095256431               0.03269241             -0.075281232
              0.094342345              0.035444369             -0.076093486
              0.093408236              0.038159873             -0.076765364
              0.092455069              0.040836442             -0.077296258
              0.091483805              0.043471685             -0.077685832
                0.0904954              0.046063297             -0.077934024
              0.089490805              0.048609068             -0.078041043
              0.088470962              0.051106879              -0.07800736
              0.087436809              0.053554706             -0.077833709
              0.086389274              0.055950621             -0.077521078
              0.085329276              0.058292793             -0.077070708
              0.084257726               0.06057949             -0.076484082
              0.083175523              0.062809079             -0.075762922
              0.082083555              0.064980024             -0.074909182
                0.0809827              0.067090892             -0.073925038
              0.079873821              0.069140349             -0.072812884
              0.078757771               0.07112716             -0.071575324
              0.077635389              0.073050193             -0.070215157
              0.076507497              0.074908414             -0.068735379
              0.075374906              0.076700887             -0.067139166
              0.074238411              0.078426779             -0.065429868
              0.073098791              0.080085351             -0.063610998
               0.07195681              0.081675965             -0.061686226
              0.070813214              0.083198076             -0.059659364
              0.069668734              0.084651236             -0.057534361
              0.068524084               0.08603509              -0.05531529
              0.067379959              0.087349377             -0.053006339
               0.06623704              0.088593924               -0.0506118
              0.065095986               0.08976865             -0.048136061
              0.063957441              0.090873559             -0.045583594
               0.06282203              0.091908743             -0.042958942
              0.061690358              0.092874375             -0.040266715
              0.060563014              0.093770712             -0.037511576
              0.059440567              0.094598087              -0.03469823
              0.058323567              0.095356914             -0.031831418
              0.057212546              0.096047679             -0.028915903
              0.056108016               0.09667094             -0.025956462
              0.055010472              0.097227327             -0.022957878
              0.053920389              0.097717536             -0.019924928
              0.052838223              0.098142328             -0.016862375
              0.051764411              0.098502527             -0.013774959
              0.050699372              0.098799015              -0.01066739
              0.049643507              0.099032732            -0.0075443366
              0.048597197              0.099204673            -0.0044104184
              0.047560806              0.099315883            -0.0012702001
              0.046534677              0.099367456             0.0018718177
               0.04551914              0.099360532             0.0050112056
              0.044514502              0.099296295             0.0081436126
              0.043521056              0.099175969              0.011264772
              0.042539075              0.099000815              0.014370509
              0.041568816              0.098772131              0.017456745
               0.04061052              0.098491245              0.020519506
              0.039664408              0.098159516              0.023554925
              0.038730689              0.097778329              0.026559249
              0.037809553              0.097349094              0.029528842
              0.036901174              0.096873243              0.032460192
              0.036005712              0.096352225              0.035349911
              0.035123311              0.095787507              0.038194742
              0.034254099              0.095180572              0.040991562
              0.033398191               0.09453291              0.043737382
              0.032555687              0.093846023              0.046429353
              0.031726674              0.093121421              0.049064765
              0.030911224              0.092360616              0.051641052
              0.030109397              0.091565122              0.054155792
              0.029321239              0.090736456              0.056606706
              0.028546784              0.089876131              0.058991662
              0.027786056              0.088985656              0.061308676
              0.027039063              0.088066533              0.063555909
              0.026305805               0.08712026              0.065731669
              0.025586271               0.08614832              0.067834409
              0.024880436              0.085152188              0.069862729
              0.024188269              0.084133325              0.071815372
              0.023509727              0.083093177              0.073691226
              0.022844757              0.082033172              0.075489318
              0.022193299              0.080954723              0.077208818
              0.021555281              0.079859222              0.078849031
              0.020930627               0.07874804              0.080409401
              0.020319248              0.077622528              0.081889501
              0.019721051              0.076484011              0.083289038
              0.019135935              0.075333792              0.084607846
              0.018563791              0.074173149              0.085845884
              0.018004504              0.073003332              0.087003231
              0.017457953              0.071825566              0.088080086
              0.016924011              0.070641047              0.089076763
              0.016402546              0.069450942              0.089993686
               0.01589342               0.06825639              0.090831388
              0.015396489              0.067058499              0.091590504
              0.014911607              0.065858348              0.092271769
              0.014438623              0.064656983              0.092876016
               0.01397738               0.06345542              0.093404167
              0.013527719              0.062254644              0.093857232
              0.013089479              0.061055606              0.094236306
              0.012662494              0.059859227              0.094542562
              0.012246595              0.058666395              0.094777246
              0.011841611              0.057477964              0.094941679
              0.011447369              0.056294758              0.095037244
              0.011063696              0.055117568              0.095065388
              0.010690412              0.053947151              0.095027616
              0.010327341              0.052784233              0.094925485
             0.0099743032              0.051629507              0.094760603
             0.0096311174              0.050483636              0.094534622
             0.0092976025              0.049347249              0.094249234
             0.0089735767              0.048220943               0.09390617
             0.0086588575              0.047105288              0.093507192
             0.0083532626              0.046000818              0.093054092
             0.0080566093               0.04490804              0.092548686
             0.0077687154               0.04382743              0.091992811
             0.0074893989              0.042759435              0.091388324
             0.0072184783              0.041704471              0.090737091
              0.006955773              0.040662928              0.090040992
             0.0067011029              0.039635166              0.089301913
             0.0064542892               0.03862152              0.088521741
             0.0062151541              0.037622295              0.087702368
              0.005983521              0.036637773              0.086845677
             0.0057592148              0.035668206               0.08595355
             0.0055420617              0.034713826              0.085027857
             0.0053318897              0.033774838              0.084070459
             0.0051285284              0.032851422                0.0830832
             0.0049318092              0.031943738              0.082067908
             0.0047415656              0.031051921              0.081026393
             0.0045576328              0.030176086              0.079960441
             0.0043798482              0.029316326              0.078871816
             0.0042080513              0.028472715              0.077762257
             0.0040420839              0.027645306              0.076633471
               0.00388179              0.026834134              0.075487141
             0.0037270158              0.026039214              0.074324915
               0.00357761              0.025260547              0.073148408
             0.0034334238              0.024498114              0.071959203
             0.0032943107              0.023751881              0.070758846
             0.0031601268                0.0230218              0.069548846
             0.0030307306              0.022307805              0.068330674
             0.0029059833              0.021609819              0.067105763
             0.0027857486              0.020927751              0.065875505
             0.0026698928              0.020261497              0.064641253
             0.0025582848              0.019610939              0.063404316
             0.0024507963              0.018975952              0.062165963
             0.0023473013              0.018356397              0.060927421
             0.0022476767              0.017752125              0.059689874
             0.0021518019              0.017162978              0.058454462
             0.0020595591              0.016588791              0.057222283
             0.0019708329              0.016029387              0.055994392
             0.0018855106              0.015484584              0.054771798
             0.0018034823              0.014954193              0.053555472
             0.0017246404              0.014438016              0.052346336
               0.00164888              0.013935851              0.051145274
             0.0015760988               0.01344749              0.049953124
              0.001506197              0.012972719              0.048770684
             0.0014390774              0.012511321              0.047598708
              0.001374645              0.012063075              0.046437912
             0.0013128077              0.011627753              0.045288968
             0.0012534755              0.011205129              0.044152508
              0.001196561               0.01079497              0.043029127
              0.001141979              0.010397043              0.041919379
             0.0010896468              0.010011112              0.040823779
             0.0010394838             0.0096369395              0.039742807
            0.00099141208             0.0092742875              0.038676905
            0.00094535553             0.0089229167              0.037626477
            0.00090124045             0.0085825873              0.036591897
            0.00085899528             0.0082530595                0.0355735
            0.00081855057             0.0079340934               0.03457159
            0.00077983898             0.0076254498              0.033586439
            0.00074279521             0.0073268899              0.032618287
            0.00070735595             0.0070381762              0.031667343
             0.0006734599             0.0067590723              0.030733788
            0.00064104765             0.0064893431              0.029817773
            0.00061006171             0.0062287553              0.028919422
            0.00058044642             0.0059770776              0.028038834
            0.00055214794             0.0057340805              0.027176081
            0.00052511418             0.0054995372               0.02633121
             0.0004992948             0.0052732229              0.025504245
            0.00047464112             0.0050549156              0.024695188
            0.00045110613             0.0048443961               0.02390402
            0.00042864441             0.0046414479                0.0231307
             0.0004072121             0.0044458578              0.022375167
            0.00038676687             0.0042574154              0.021637343
            0.00036726788             0.0040759136              0.020917132
            0.00034867573             0.0039011489               0.02021442
            0.00033095243             0.0037329208              0.019529079
            0.00031406136             0.0035710326              0.018860964
            0.00029796721             0.0034152908              0.018209918
            0.00028263599              0.003265506              0.017575768
            0.00026803495             0.0031214919              0.016958332
            0.00025413258             0.0029830664              0.016357414
            0.00024089852             0.0028500506              0.015772809
            0.00022830358             0.0027222699                0.0152043
            0.00021631968              0.002599553              0.014651663
            0.00020491982             0.0024817326              0.014114664
            0.00019407804             0.0023686453              0.013593062
            0.00018376941             0.0022601313               0.01308661
            0.00017396994             0.0021560346              0.012595053
            0.00016465664              0.002056203              0.012118131
            0.00015580741             0.0019604882               0.01165558
            0.00014740103             0.0018687455              0.011207129
            0.00013941715             0.0017808338              0.010772505
            0.00013183626             0.0016966159              0.010351433
            0.00012463963             0.0016159583             0.0099436321
             0.0001178093             0.0015387307              0.009548822
            0.00011132809             0.0014648069             0.0091667193
            0.00010517949              0.001394064             0.0087970396
             9.934773e-05             0.0013263824             0.0084394976
            9.3817678e-05             0.0012616462             0.0080938078
             8.857486e-05             0.0011997429             0.0077596846
            8.3605417e-05             0.0011405631             0.0074368429
            7.8896093e-05             0.0010840009             0.0071249981
            7.4434204e-05             0.0010299535             0.0068238669
            7.0207618e-05             0.0009783213             0.0065331673
            6.6204739e-05             0.0009290078              0.006252619
             6.241448e-05            0.00088191952             0.0059819436
            5.8826246e-05            0.00083696599              0.005720865
            5.5429915e-05             0.0007940596             0.0054691094
            5.2215817e-05            0.00075311563             0.0052264057
             4.917472e-05            0.00071405211             0.0049924857
            4.6297806e-05             0.0006767898             0.0047670841
            4.3576662e-05             0.0006412521             0.0045499388
            4.1003253e-05            0.00060736497              0.004340791
            3.8569918e-05             0.0005750569             0.0041393854
            3.6269342e-05            0.00054425882             0.0039454702
            3.4094553e-05            0.00051490402             0.0037587971
            3.2038898e-05            0.00048692811             0.0035791218
            3.0096032e-05            0.00046026892             0.0034062033
            2.8259909e-05            0.00043486647             0.0032398049
             2.652476e-05            0.00041066285             0.0030796934
            2.4885088e-05            0.00038760221             0.0029256396
             2.333565e-05            0.00036563063              0.002777418
            2.1871448e-05            0.00034469613             0.0026348071
             2.048772e-05            0.00032474852             0.0024975892
            1.9179922e-05            0.00030573938             0.0023655503
            1.7943723e-05            0.00028762201             0.0022384801
            1.6774991e-05            0.00027035129              0.002116172
            1.5669785e-05            0.00025388372             0.0019984231
            1.4624346e-05            0.00023817723             0.0018850339
            1.3635083e-05            0.00022319124             0.0017758082
            1.2698567e-05            0.00020888649             0.0016705532
            1.1811525e-05            0.00019522504             0.0015690794
            1.0970824e-05            0.00018217018             0.0014712001
            1.0173467e-05            0.00016968635             0.0013767315
            9.4165855e-06            0.00015773911             0.0012854928
            8.6974293e-06            0.00014629505             0.0011973053
             8.013358e-06            0.00013532173             0.0011119932
            7.3618363e-06             0.0001247876             0.0010293824
            6.7404228e-06            0.00011466197            0.00094930112
            6.1467653e-06            0.00010491491            0.00087157911
            5.5785926e-06            9.5517179e-05            0.00079604774
            5.0337061e-06            8.6440183e-05            0.00072253961
            4.5099731e-06            7.7655886e-05            0.00065088832
            4.0053209e-06            6.9136746e-05             0.0005809282
            3.5177283e-06            6.0855642e-05              0.000512494
            3.0452193e-06            5.2785799e-05            0.00044542059
            2.5858541e-06            4.4900711e-05            0.00037954262
            2.1377246e-06            3.7174069e-05            0.00031469416
            1.6989458e-06            2.9579676e-05            0.00025070839
             1.267647e-06             2.209137e-05            0.00018741711
            8.4196578e-07            1.4682933e-05            0.00012465045
            4.2003979e-07            7.3280064e-06            6.2236311e-05
