             0.0021696597             0.0026573202              0.002978467
             0.0043382567             0.0053116035             0.0059515822
             0.0065047294             0.0079598172              0.008914004
             0.0086680177              0.010598936              0.011860411
              0.010827064              0.013225946              0.014785512
              0.012980815               0.01583785              0.017684055
               0.01512822               0.01843167               0.02055084
              0.017268236              0.021004448              0.023380725
              0.019399823              0.023553258              0.026168638
               0.02152195              0.026075202              0.028909587
              0.023633594              0.028567415              0.031598667
              0.025733738              0.031027072              0.034231071
              0.027821377              0.033451389              0.036802099
              0.029895515              0.035837628              0.039307165
              0.031955166              0.038183097              0.041741807
              0.033999358              0.040485158              0.044101696
               0.03602713              0.042741228              0.046382643
              0.038037533               0.04494878              0.048580604
              0.040029634              0.047105352              0.050691693
              0.042002515              0.049208542              0.052712185
              0.043955271              0.051256021              0.054638524
              0.045887015              0.053245524              0.056467328
              0.047796877              0.055174863              0.058195398
              0.049684002              0.057041924               0.05981972
              0.051547555              0.058844672              0.061337474
              0.053386719               0.06058115              0.062746036
              0.055200698              0.062249485              0.064042984
              0.056988712              0.063847888              0.065226101
              0.058750005              0.065374658               0.06629338
               0.06048384              0.066828181              0.067243027
              0.062189501              0.068206933              0.068073462
              0.063866297              0.069509483              0.068783323
              0.065513554              0.070734492              0.069371469
              0.067130625              0.071880717              0.069836978
              0.068716886              0.072947008              0.070179154
              0.070271733              0.073932315              0.070397521
               0.07179459              0.074835682              0.070491826
              0.073284902              0.075656256               0.07046204
              0.074742141              0.076393279              0.070308358
              0.076165803              0.077046094              0.070031193
              0.077555408              0.077614144              0.069631179
              0.078910502              0.078096971               0.06910917
              0.080230658              0.078494218              0.068466232
              0.081515472              0.078805627              0.067703645
              0.082764567              0.079031041              0.066822899
              0.083977592              0.079170402               0.06582569
              0.085154223              0.079223749              0.064713915
               0.08629416               0.07919122               0.06348967
              0.087397132              0.079073053              0.062155243
               0.08846289              0.078869579              0.060713111
              0.089491216              0.078581225              0.059165933
              0.090481915              0.078208513              0.057516545
              0.091434818              0.077752059              0.055767954
              0.092349784              0.077212569              0.053923333
              0.093226696              0.076590839              0.051986011
              0.094065464              0.075887753              0.049959471
              0.094866023              0.075104284              0.047847337
              0.095628333              0.074241487              0.045653373
              0.096352381              0.073300501              0.043381471
              0.097038177              0.072282546              0.041035644
              0.097685757               0.07118892              0.038620021
               0.09829518              0.070020997              0.036138834
              0.098866532              0.068780227              0.033596414
              0.099399919              0.067468128              0.030997181
              0.099895474              0.066086291              0.028345635
               0.10035335               0.06463637              0.025646349
               0.10077373              0.063120085              0.022903958
               0.10115681              0.061539217              0.020123153
               0.10150281              0.059895605               0.01730867
               0.10181198              0.058191143              0.014465283
               0.10208458              0.056427778              0.011597793
                0.1023209              0.054607508             0.0087110227
               0.10252124              0.052732376             0.0058098034
               0.10268593               0.05080447             0.0028989701
               0.10281531              0.048825918           -1.6649096e-05
               0.10290975              0.046798887            -0.0029322409
               0.10296963              0.044725578            -0.0058430153
               0.10299536              0.042608223            -0.0087442142
               0.10298734              0.040449084             -0.011631119
               0.10294601              0.038250446              -0.01449906
               0.10287182              0.036014621             -0.017343421
               0.10276524              0.033743935             -0.020159653
               0.10262674              0.031440733             -0.022943274
               0.10245682              0.029107372             -0.025689882
               0.10225599              0.026746222             -0.028395162
               0.10202477              0.024359655             -0.031054888
               0.10176369              0.021950052             -0.033664936
               0.10147331              0.019519792             -0.036221286
               0.10115416              0.017071254             -0.038720028
               0.10080684               0.01460681             -0.041157372
                0.1004319              0.012128826             -0.043529649
               0.10002994             0.0096396591             -0.045833318
              0.099601555               0.00714165             -0.048064973
              0.099147349             0.0046371256             -0.050221343
              0.098667934             0.0021283939             -0.052299303
               0.09816393           -0.00038225815              -0.05429587
               0.09763596            -0.0028925673             -0.056208214
              0.097084657            -0.0054002961             -0.058033658
              0.096510657            -0.0079032358             -0.059769681
                0.0959146             -0.010399208             -0.061413922
              0.095297133             -0.012886068             -0.062964183
              0.094658902             -0.015361705             -0.064418427
               0.09400056             -0.017824046             -0.065774787
               0.09332276             -0.020271057              -0.06703156
              0.092626157             -0.022700746             -0.068187213
              0.091911408             -0.025111164             -0.069240384
              0.091179169             -0.027500404             -0.070189878
              0.090430098             -0.029866608             -0.071034672
              0.089664851             -0.032207965             -0.071773914
              0.088884084             -0.034522714             -0.072406919
               0.08808845             -0.036809143             -0.072933175
              0.087278602             -0.039065595             -0.073352333
              0.086455189             -0.041290464             -0.073664216
              0.085618858             -0.043482197             -0.073868809
              0.084770251             -0.045639301              -0.07396626
              0.083910008             -0.047760335              -0.07395688
              0.083038764             -0.049843917             -0.073841138
              0.082157148             -0.051888724             -0.073619658
              0.081265785             -0.053893488              -0.07329322
              0.080365295             -0.055857004             -0.072862751
               0.07945629             -0.057778125             -0.072329327
              0.078539377             -0.059655763             -0.071694166
              0.077615157             -0.061488892             -0.070958626
              0.076684222             -0.063276546               -0.0701242
              0.075747157              -0.06501782             -0.069192513
               0.07480454             -0.066711868             -0.068165316
              0.073856941             -0.068357907             -0.067044483
              0.072904921             -0.069955213             -0.065832006
              0.071949033             -0.071503122             -0.064529989
              0.070989819             -0.073001032             -0.063140647
              0.070027815             -0.074448399             -0.061666293
              0.069063545             -0.075844739             -0.060109344
              0.068097526             -0.077189626             -0.058472305
              0.067130261             -0.078482694             -0.056757771
              0.066162247             -0.079723633             -0.054968418
               0.06519397              -0.08091219             -0.053106999
              0.064225903             -0.082048169             -0.051176338
              0.063258511             -0.083131429             -0.049179324
              0.062292248             -0.084161883             -0.047118908
              0.061327556             -0.085139497             -0.044998094
              0.060364867             -0.086064293             -0.042819934
              0.059404602             -0.086936339             -0.040587525
               0.05844717             -0.087755758             -0.038304002
               0.05749297             -0.088522721             -0.035972531
              0.056542389             -0.089237445             -0.033596307
              0.055595802             -0.089900197             -0.031178543
              0.054653574             -0.090511288             -0.028722473
              0.053716057             -0.091071074             -0.026231336
              0.052783595             -0.091579953             -0.023708381
              0.051856515             -0.092038367             -0.021156857
              0.050935138             -0.092446795             -0.018580005
               0.05001977             -0.092805759             -0.015981061
              0.049110708             -0.093115815             -0.013363243
              0.048208237             -0.093377557             -0.010729752
              0.047312629             -0.093591613            -0.0080837644
              0.046424147             -0.093758646            -0.0054284282
              0.045543041             -0.093879348            -0.0027668593
              0.044669553             -0.093954442           -0.00010213678
              0.043803911             -0.093984682             0.0025627013
              0.042946332             -0.093970847             0.0052246616
              0.042097025             -0.093913743             0.0078807993
              0.041256185             -0.093814199              0.010528221
              0.040423999             -0.093673068              0.013164091
              0.039600643             -0.093491225               0.01578563
              0.038786282             -0.093269562              0.018390122
              0.037981071             -0.093008993              0.020974915
              0.037185155             -0.092710447              0.023537426
               0.03639867             -0.092374869              0.026075142
              0.035621741             -0.092003216              0.028585621
              0.034854484             -0.091596463                0.0310665
              0.034097005              -0.09115559              0.033515488
              0.033349403             -0.090681591              0.035930378
              0.032611765             -0.090175467              0.038309041
              0.031884171             -0.089638226               0.04064943
              0.031166692             -0.089070884              0.042949583
               0.03045939              -0.08847446              0.045207624
              0.029762319             -0.087849975              0.047421761
              0.029075525             -0.087198454               0.04959029
              0.028399047             -0.086520924              0.051711595
              0.027732913             -0.085818409              0.053784147
              0.027077148             -0.085091934              0.055806508
              0.026431766              -0.08434252              0.057777328
              0.025796776             -0.083571186              0.059695344
              0.025172178             -0.082778945              0.061559385
              0.024557969             -0.081966804              0.063368368
              0.023954135             -0.081135767              0.065121299
              0.023360658             -0.080286825              0.066817269
              0.022777515             -0.079420966              0.068455461
              0.022204674             -0.078539164              0.070035143
              0.021642101             -0.077642388              0.071555667
              0.021089753             -0.076731591              0.073016472
              0.020547583             -0.075807718              0.074417081
               0.02001554               -0.0748717              0.075757099
              0.019493567             -0.073924455              0.077036212
              0.018981603             -0.072966888              0.078254186
              0.018479581             -0.071999889              0.079410867
              0.017987431             -0.071024335              0.080506175
              0.017505078             -0.070041083              0.081540108
              0.017032445              -0.06905098              0.082512736
              0.016569448             -0.068054851              0.083424201
              0.016116003             -0.067053509              0.084274715
               0.01567202             -0.066047746              0.085064557
              0.015237406             -0.065038338              0.085794071
              0.014812067             -0.064026043              0.086463668
              0.014395905               -0.0630116              0.087073817
              0.013988817             -0.061995732              0.087625048
              0.013590702             -0.060979138              0.088117948
              0.013201453             -0.059962504               0.08855316
              0.012820962             -0.058946493              0.088931377
              0.012449119             -0.057931749              0.089253345
              0.012085814             -0.056918898              0.089519856
              0.011730931             -0.055908545              0.089731751
              0.011384356             -0.054901277              0.089889911
              0.011045973              -0.05389766              0.089995261
              0.010715664              -0.05289824              0.090048762
               0.01039331             -0.051903544              0.090051413
              0.010078791             -0.050914081              0.090004248
              0.009771986             -0.049930338              0.089908331
             0.0094727739             -0.048952783              0.089764757
             0.0091810323             -0.047981866              0.089574647
             0.0088966388             -0.047018016              0.089339149
             0.0086194701             -0.046061644              0.089059431
             0.0083494031             -0.045113141              0.088736685
             0.0080863142             -0.044172882              0.088372118
               0.00783008              -0.04324122              0.087966955
             0.0075805769             -0.042318492              0.087522435
             0.0073376815             -0.041405015               0.08703981
             0.0071012709             -0.040501091              0.086520339
              0.006871222             -0.039607001              0.085965294
             0.0066474126             -0.038723011              0.085375948
             0.0064297208             -0.037849369              0.084753582
             0.0062180252             -0.036986308              0.084099478
             0.0060122052             -0.036134042              0.083414918
             0.0058121407              -0.03529277              0.082701186
             0.0056177126             -0.034462675              0.081959558
             0.0054288026             -0.033643927              0.081191311
             0.0052452933             -0.032836677              0.080397714
             0.0050670683             -0.032041063              0.079580027
             0.0048940121              -0.03125721              0.078739503
             0.0047260105             -0.030485227              0.077877385
             0.0045629503              -0.02972521              0.076994904
             0.0044047194             -0.028977242              0.076093277
             0.0042512072             -0.028241392              0.075173708
             0.0041023042             -0.027517719              0.074237386
             0.0039579021             -0.026806267              0.073285483
             0.0038178941              -0.02610707              0.072319154
             0.0036821748              -0.02542015              0.071339537
               0.00355064             -0.024745518              0.070347748
             0.0034231872             -0.024083174              0.069344885
             0.0032997151             -0.023433108              0.068332024
             0.0031801242             -0.022795301              0.067310221
             0.0030643161             -0.022169724              0.066280507
             0.0029521942             -0.021556337              0.065243894
             0.0028436634             -0.020955095              0.064201366
               0.00273863             -0.020365941              0.063153886
             0.0026370022             -0.019788811              0.062102392
             0.0025386893             -0.019223636              0.061047796
             0.0024436026             -0.018670335              0.059990986
             0.0023516547             -0.018128824              0.058932823
             0.0022627599             -0.017599011              0.057874145
             0.0021768342             -0.017080797               0.05681576
              0.002093795             -0.016574077              0.055758452
             0.0020135614             -0.016078743              0.054702978
              0.001936054             -0.015594677               0.05365007
             0.0018611952             -0.015121762              0.052600432
             0.0017889087             -0.014659871              0.051554741
               0.00171912             -0.014208875              0.050513649
              0.001651756             -0.013768641              0.049477779
             0.0015867454             -0.013339032              0.048447732
             0.0015240181             -0.012919907              0.047424079
             0.0014635058             -0.012511122              0.046407366
             0.0014051417             -0.012112532              0.045398115
             0.0013488605             -0.011723985              0.044396818
             0.0012945982             -0.011345331              0.043403947
             0.0012422926             -0.010976416              0.042419946
             0.0011918828             -0.010617082              0.041445234
             0.0011433094             -0.010267173              0.040480206
             0.0010965143            -0.0099265297              0.039525234
              0.001051441            -0.0095949908              0.038580666
             0.0010080344             -0.009272395              0.037646825
            0.00096624071            -0.0089585798              0.036724012
            0.00092600741            -0.0086533819              0.035812508
            0.00088728348            -0.0083566377              0.034912567
            0.00085001915            -0.0080681831              0.034024426
            0.00081416598            -0.0077878538              0.033148299
            0.00077967679            -0.0075154858              0.032284379
            0.00074650566             -0.007250915              0.031432839
            0.00071460793            -0.0069939776              0.030593833
            0.00068394013            -0.0067445103              0.029767495
               0.00065446            -0.0065023505              0.028953941
            0.00062612645             -0.006267336              0.028153268
            0.00059889954            -0.0060393057              0.027365556
            0.00057274045            -0.0058180994              0.026590868
            0.00054761146            -0.0056035578               0.02582925
            0.00052347597            -0.0053955228              0.025080731
            0.00050029838            -0.0051938377              0.024345326
            0.00047804418            -0.0049983467              0.023623033
            0.00045667985            -0.0048088959              0.022913838
            0.00043617286            -0.0046253325               0.02221771
            0.00041649164            -0.0044475055              0.021534605
            0.00039760561            -0.0042752652              0.020864468
            0.00037948505            -0.0041084639              0.020207229
            0.00036210119            -0.0039469553              0.019562806
            0.00034542612             -0.003790595              0.018931106
            0.00032943278            -0.0036392405              0.018312025
            0.00031409497            -0.0034927508              0.017705448
            0.00029938727            -0.0033509872              0.017111248
            0.00028528508            -0.0032138125              0.016529289
            0.00027176454            -0.0030810915              0.015959427
            0.00025880257             -0.002952691              0.015401507
            0.00024637678            -0.0028284797              0.014855365
            0.00023446552            -0.0027083281              0.014320829
             0.0002230478            -0.0025921088              0.013797721
            0.00021210331            -0.0024796962              0.013285851
            0.00020161237            -0.0023709667              0.012785026
            0.00019155592            -0.0022657986              0.012295044
            0.00018191552            -0.0021640719              0.011815695
             0.0001726733            -0.0020656687              0.011346765
            0.00016381194            -0.0019704728              0.010888031
             0.0001553147            -0.0018783699              0.010439268
            0.00014716532            -0.0017892474              0.010000241
            0.00013934806            -0.0017029944             0.0095707116
            0.00013184768            -0.0016195018             0.0091504365
            0.00012464938            -0.0015386622             0.0087391664
            0.00011773883            -0.0014603696             0.0083366473
             0.0001111021            -0.0013845197             0.0079426203
            0.00010472568            -0.0013110096             0.0075568219
            9.8596474e-05             -0.001239738             0.0071789839
            9.2701719e-05            -0.0011706048             0.0068088337
            8.7029025e-05            -0.0011035112             0.0064460941
            8.1566332e-05            -0.0010383598             0.0060904835
            7.6301896e-05           -0.00097505406              0.005741716
            7.1224269e-05           -0.00091349882             0.0053995012
            6.6322283e-05           -0.00085359973             0.0050635442
            6.1585029e-05           -0.00079526337             0.0047335457
            5.7001837e-05           -0.00073839711             0.0044092018
            5.2562263e-05           -0.00068290905             0.0040902039
            4.8256063e-05           -0.00062870787             0.0037762386
            4.4073179e-05           -0.00057570275             0.0034669875
            4.0003717e-05           -0.00052380322             0.0031621271
            3.6037929e-05           -0.00047291912             0.0028613287
             3.216619e-05           -0.00042296037             0.0025642576
            2.8378983e-05           -0.00037383693             0.0022705737
            2.4666872e-05           -0.00032545861             0.0019799305
            2.1020487e-05           -0.00027773494             0.0016919749
            1.7430498e-05           -0.00023057502             0.0014063472
            1.3887594e-05           -0.00018388738             0.0011226803
            1.0382461e-05           -0.00013757979            0.00084059951
             6.905758e-06           -9.1559091e-05            0.00055972179
            3.4480939e-06           -4.5731014e-05            0.00027965556
