-2.62238e-06
-5.24476e-06
-3.82161e-06
-2.39846e-06
-5.02085e-06
-3.59771e-06
-2.17456e-06
-4.79694e-06
-3.37379e-06
-5.99616e-06
-4.57301e-06
-3.14985e-06
-5.77222e-06
-4.34906e-06
-2.92591e-06
-5.54828e-06
-4.12512e-06
-2.70194e-06
-5.32431e-06
-3.90114e-06
-2.47796e-06
-5.10032e-06
-3.67715e-06
-2.25398e-06
-4.87634e-06
-3.45318e-06
-2.03e-06
-4.65235e-06
-3.22917e-06
-5.85152e-06
-4.42834e-06
-3.00516e-06
-5.62751e-06
-4.20434e-06
-2.78115e-06
-5.4035e-06
-3.98031e-06
-2.55713e-06
-5.17948e-06
-3.75629e-06
-2.3331e-06
-4.95544e-06
-3.53225e-06
-2.10905e-06
-4.73139e-06
-3.30821e-06
-5.93054e-06
-4.50735e-06
-3.08417e-06
-5.70652e-06
-4.28334e-06
-2.86016e-06
-5.48251e-06
-4.05935e-06
-2.63618e-06
-5.25855e-06
-3.83538e-06
-2.41221e-06
-5.03456e-06
-3.61138e-06
-2.1882e-06
-4.81055e-06
-3.38738e-06
-6.00973e-06
-4.58656e-06
-3.16338e-06
-5.78574e-06
-4.36257e-06
-2.9394e-06
-5.56176e-06
-4.13859e-06
-2.71542e-06
-5.33778e-06
-3.91461e-06
-2.49145e-06
-5.11382e-06
-3.69066e-06
-2.26751e-06
-4.88988e-06
-3.46672e-06
-2.04355e-06
-4.6659e-06
-3.24274e-06
-5.8651e-06
-4.44195e-06
-3.01879e-06
-5.64116e-06
-4.218e-06
-2.79485e-06
-5.41722e-06
-3.99407e-06
-2.57091e-06
-5.19328e-06
-3.77012e-06
-2.34696e-06
-4.96932e-06
-3.54617e-06
-2.123e-06
-4.74537e-06
-3.32221e-06
-5.94457e-06
-4.52141e-06
-3.09824e-06
-5.72061e-06
-4.29744e-06
-2.87428e-06
-5.49665e-06
-4.07349e-06
-2.65034e-06
-5.27271e-06
-3.84956e-06
-2.42641e-06
-5.04879e-06
-3.62563e-06
-2.20247e-06
-4.82483e-06
-3.40167e-06
-6.02404e-06
-4.60087e-06
-3.1777e-06
-5.80006e-06
-4.3769e-06
-2.95374e-06
-5.5761e-06
-4.15293e-06
-2.72976e-06
-5.35212e-06
-3.92894e-06
-2.50577e-06
-5.12812e-06
-3.70494e-06
-2.28177e-06
-4.90413e-06
-3.48096e-06
-2.05779e-06
-4.68015e-06
-3.25699e-06
-5.87935e-06
-4.45619e-06
-3.03303e-06
-5.65541e-06
-4.23225e-06
-2.80909e-06
-5.43147e-06
-4.00831e-06
-2.58516e-06
-5.20753e-06
-3.78437e-06
-2.3612e-06
-4.98356e-06
-3.56039e-06
-2.13723e-06
-4.75959e-06
-3.33642e-06
-5.95878e-06
-4.53561e-06
-3.11245e-06
-5.73482e-06
-4.31166e-06
-2.8885e-06
-5.51088e-06
-4.08772e-06
-2.66457e-06
-5.28694e-06
-3.86376e-06
-2.44059e-06
-5.06293e-06
-3.63975e-06
-2.21657e-06
-4.83891e-06
-3.41573e-06
-6.03808e-06
-4.61489e-06
-3.19171e-06
-5.81406e-06
-4.39089e-06
-2.96771e-06
-5.59006e-06
-4.16688e-06
-2.74371e-06
-5.36606e-06
-3.94289e-06
-2.51973e-06
-5.1421e-06
-3.71893e-06
-2.29577e-06
-4.91813e-06
-3.49496e-06
-2.07178e-06
-4.69414e-06
-3.27097e-06
-5.89332e-06
-4.47015e-06
-3.04698e-06
-5.66934e-06
-4.24616e-06
-2.82298e-06
-5.44534e-06
-4.02216e-06
-2.59899e-06
-5.22136e-06
-3.79819e-06
-2.37503e-06
-4.99739e-06
-3.57422e-06
-2.15106e-06
-4.77342e-06
-3.35027e-06
-5.97264e-06
-4.54949e-06
-3.12634e-06
-5.74872e-06
-4.32557e-06
-2.90242e-06
-5.5248e-06
-4.10165e-06
-2.6785e-06
-5.30088e-06
-3.87774e-06
-2.45459e-06
-5.07697e-06
-3.65381e-06
-2.23066e-06
-4.85304e-06
-3.42989e-06
-6.05227e-06
-4.62912e-06
-3.20597e-06
-5.82835e-06
-4.40521e-06
-2.98207e-06
-5.60445e-06
-4.1813e-06
-2.75815e-06
-5.38053e-06
-3.95737e-06
-2.53422e-06
-5.1566e-06
-3.73346e-06
-2.31032e-06
-4.93271e-06
-3.50957e-06
-2.08642e-06
-4.70881e-06
-3.28566e-06
-5.90803e-06
-4.48487e-06
-3.06171e-06
-5.68408e-06
-4.26093e-06
-2.83778e-06
-5.46016e-06
-4.03701e-06
-2.61386e-06
-5.23624e-06
-3.81309e-06
-2.38993e-06
-5.0123e-06
-3.58915e-06
-2.16599e-06
-4.78835e-06
-3.36518e-06
-5.98753e-06
-4.56435e-06
-3.14117e-06
-5.76352e-06
-4.34034e-06
-2.91716e-06
-5.5395e-06
-4.11632e-06
-2.69313e-06
-5.31547e-06
-3.89228e-06
-2.46909e-06
-5.09144e-06
-3.66825e-06
-2.24506e-06
-4.8674e-06
-3.44421e-06
-6.06654e-06
-4.64334e-06
-3.22014e-06
-5.84247e-06
-4.41927e-06
-2.99608e-06
-5.61841e-06
-4.19522e-06
-2.77202e-06
-5.39436e-06
-3.97117e-06
-2.54798e-06
-5.17032e-06
-3.74713e-06
-2.32394e-06
-4.94627e-06
-3.52308e-06
-2.09989e-06
-4.72223e-06
-3.29904e-06
-5.92139e-06
-4.49822e-06
-3.07504e-06
-5.69739e-06
-4.27422e-06
-2.85103e-06
-5.47338e-06
-4.05019e-06
-2.627e-06
-5.24934e-06
-3.82614e-06
-2.40295e-06
-5.02529e-06
-3.60211e-06
-2.17893e-06
-4.80129e-06
-3.37813e-06
-6.0005e-06
-4.57734e-06
-3.15418e-06
-5.77655e-06
-4.35339e-06
-2.93023e-06
-5.55259e-06
-4.12942e-06
-2.70627e-06
-5.32864e-06
-3.90548e-06
-2.48234e-06
-5.10472e-06
-3.68157e-06
-2.2584e-06
-4.88075e-06
-3.45758e-06
-2.03441e-06
-4.65678e-06
-3.23362e-06
-5.85599e-06
-4.43283e-06
-3.00967e-06
-5.63205e-06
-4.2089e-06
-2.78575e-06
-5.40813e-06
-3.98498e-06
-2.56184e-06
-5.18422e-06
-3.76108e-06
-2.33794e-06
-4.96033e-06
-3.5372e-06
-2.11406e-06
-4.73646e-06
-3.31333e-06
-5.93573e-06
-4.5126e-06
-3.08947e-06
-5.71186e-06
-4.28873e-06
-2.8656e-06
-5.488e-06
-4.06488e-06
-2.64176e-06
-5.26416e-06
-3.84104e-06
-2.41791e-06
-5.04032e-06
-3.61719e-06
-2.19406e-06
-4.81646e-06
-3.39333e-06
-6.01573e-06
-4.59259e-06
-3.16946e-06
-5.79185e-06
-4.36871e-06
-2.94558e-06
-5.56796e-06
-4.14482e-06
-2.72168e-06
-5.34406e-06
-3.92092e-06
-2.49778e-06
-5.12017e-06
-3.69703e-06
-2.27389e-06
-4.89629e-06
-3.47315e-06
-2.05002e-06
-4.67241e-06
-3.24927e-06
-5.87165e-06
-4.4485e-06
-3.02534e-06
-5.64771e-06
-4.22456e-06
-2.8014e-06
-5.42378e-06
-4.00062e-06
-2.57745e-06
-5.19982e-06
-3.77666e-06
-2.3535e-06
-4.97587e-06
-3.5527e-06
-2.12953e-06
-4.75188e-06
-3.3287e-06
-5.95106e-06
-4.5279e-06
-3.10474e-06
-5.7271e-06
-4.30393e-06
-2.88077e-06
-5.50314e-06
-4.07999e-06