-4.74313e-06
-1.39519e-06
-2.09278e-06
-2.79038e-06
-3.48798e-06
-1.40044e-07
-8.3764e-07
-1.53525e-06
1.81268e-06
1.11509e-06
4.17491e-07
3.76542e-06
3.06782e-06
2.37021e-06
1.6726e-06
5.02052e-06
4.32291e-06
3.62531e-06
6.97324e-06
6.27563e-06
5.57802e-06
8.92596e-06
8.22837e-06
7.53077e-06
6.83317e-06
1.01811e-05
9.48351e-06
8.78591e-06
1.21338e-05
1.14362e-05
1.07386e-05
1.0041e-05
1.3389e-05
1.26913e-05
1.19937e-05
1.53416e-05
1.4644e-05
1.39464e-05
1.72943e-05
1.65967e-05
1.58991e-05
1.52015e-05
1.85494e-05
1.78518e-05
1.71542e-05
2.05021e-05
1.98045e-05
1.91069e-05
2.24548e-05
2.17572e-05
2.10596e-05
2.03619e-05
2.37099e-05
2.30122e-05
2.23146e-05
2.56625e-05
2.49649e-05
2.42672e-05
2.35696e-05
2.69175e-05
2.62198e-05
2.55222e-05
2.88701e-05
2.81724e-05
2.74748e-05
3.08226e-05
3.0125e-05
2.94273e-05
2.87297e-05
3.20775e-05
3.13799e-05
3.06822e-05
3.40301e-05
3.33324e-05
3.26348e-05
3.59827e-05
3.5285e-05
3.45874e-05
3.38897e-05
3.72376e-05
3.65399e-05
3.58423e-05
3.91902e-05
3.84925e-05
3.77949e-05
4.11428e-05
4.04451e-05
3.97475e-05
3.90498e-05
4.23977e-05
4.17001e-05
4.10024e-05
4.43503e-05
4.36527e-05
4.2955e-05
4.22574e-05
4.56053e-05
4.49076e-05
4.42099e-05
4.75578e-05
4.68602e-05
4.61625e-05
4.95104e-05
4.88128e-05
4.81151e-05
4.74174e-05
5.07653e-05
5.00676e-05
4.937e-05
5.27179e-05
5.20202e-05
5.13226e-05
5.46704e-05
5.39728e-05
5.32752e-05
5.25775e-05
5.59254e-05
5.52278e-05
5.45301e-05
5.7878e-05
5.71804e-05
5.64828e-05
5.57851e-05
5.9133e-05
5.84354e-05
5.77378e-05
6.10857e-05
6.0388e-05
5.96904e-05
6.30383e-05
6.23407e-05
6.1643e-05
6.09453e-05
6.42932e-05
6.35956e-05
6.28979e-05
6.62458e-05
6.55482e-05
6.48506e-05
6.81984e-05
6.75008e-05
6.68032e-05
6.61055e-05
6.94534e-05
6.87558e-05
6.80581e-05
7.1406e-05
7.07083e-05
7.00107e-05
6.9313e-05
7.26609e-05
7.19632e-05
7.12655e-05
7.46134e-05
7.39157e-05
7.32181e-05
7.65659e-05
7.58682e-05
7.51706e-05
7.44729e-05
7.78208e-05
7.71231e-05
7.64255e-05
7.97733e-05
7.90757e-05
7.8378e-05
8.17259e-05
8.10282e-05
8.03306e-05
7.96329e-05
8.29808e-05
8.22832e-05
8.15856e-05
8.49335e-05
8.42358e-05
8.35382e-05
8.28406e-05
8.61885e-05
8.54908e-05
8.47932e-05
8.81411e-05
8.74435e-05
8.67459e-05
9.00938e-05
8.93961e-05
8.86985e-05
8.80009e-05
9.13488e-05
9.06511e-05
8.99535e-05
9.33014e-05
9.26038e-05
9.19062e-05
9.52541e-05
9.45565e-05
9.38589e-05
9.31613e-05
9.65092e-05
9.58116e-05
9.5114e-05
9.84619e-05
9.77643e-05
9.70667e-05
9.63691e-05
9.9717e-05
9.90194e-05
9.83218e-05
0.00010167
0.000100972
0.000100275
0.000103622
0.000102925
0.000102227
0.00010153
0.000104878
0.00010418
0.000103482
0.00010683
0.000106133
0.000105435
0.000108783
0.000108085
0.000107388
0.00010669
0.000110038
0.000109341
0.000108643
0.000111991
0.000111293
0.000110596
0.000109898
0.000113246
0.000112548
0.000111851
0.000115199
0.000114501
0.000113804
0.000117152
0.000116454
0.000115756
0.000115059
0.000118407
0.000117709
0.000117012
0.00012036
0.000119662
0.000118964
0.000122312
0.000121615
0.000120917
0.00012022
0.000123568
0.00012287
0.000122172
0.00012552
0.000124823
0.000124125
0.000127473
0.000126775
0.000126078
0.00012538
0.000128728
0.000128031
0.000127333
0.000130681
0.000129983
0.000129286
0.000128588
0.000131936
0.000131238
0.000130541
0.000133889
0.000133191
0.000132493
0.000135841
0.000135144
0.000134446
0.000133748
0.000137096
0.000136399
0.000135701
0.000139049
0.000138351
0.000137654
0.000141002
0.000140304
0.000139607
0.000138909
0.000142257
0.000141559
0.000140862
0.000144209
0.000143512
0.000142814
0.000142117
0.000145465
0.000144767
0.000144069
0.000147417
0.00014672
0.000146022
0.00014937
0.000148672
0.000147975
0.000147277
0.000150625
0.000149927
0.00014923
0.000152578
0.00015188
0.000151182
0.00015453
0.000153833
0.000153135
0.000152437
0.000155785
0.000155087
0.00015439
0.000157738
0.00015704
0.000156342
0.000155645
0.000158993
0.000158295
0.000157597
0.000160945
0.000160248
0.00015955
0.000162898
0.0001622
0.000161503
0.000160805
0.000164153
0.000163455
0.000162758
0.000166105
0.000165408
0.00016471
0.000168058
0.000167361
0.000166663
0.000165965
0.000169313
0.000168615
0.000167918
0.000171266
0.000170568
0.00016987
0.000169173
0.000172521
0.000171823
0.000171125
0.000174473
0.000173776
0.000173078
0.000176426
0.000175728
0.000175031
0.000174333
0.000177681
0.000176983
0.000176286
0.000179634
0.000178936
0.000178238
0.000181586
0.000180889
0.000180191
0.000179493
0.000182841
0.000182144
0.000181446
0.000184794
0.000184096
0.000183399
0.000182701
0.000186049
0.000185351
0.000184654
0.000188002
0.000187304
0.000186606
0.000189954
0.000189257
0.000188559
0.000187861
0.000191209
0.000190512
0.000189814
0.000193162
0.000192464
0.000191767
0.000195115
0.000194417
0.00019372
0.000193022
0.00019637
0.000195672
0.000194975
0.000198323
0.000197625
0.000196927
0.000200275
0.000199578
0.00019888
0.000198182
0.00020153
0.000200832
0.000200135
0.000203483
0.000202785
0.000202087
0.00020139
0.000204738
0.00020404