                        1            -0.0038511599                        0              0.016778073
               0.99999999            -0.0039593199            4.5967324e-08              0.016778073
               0.99999998              -0.00406748            9.1934648e-08              0.016778073
               0.99999997              -0.00417564            1.3790197e-07              0.016778073
               0.99999996            -0.0042838001             1.838693e-07              0.016778073
               0.99999994            -0.0043919601            2.2983662e-07              0.016778073
               0.99999993            -0.0045001202            2.7580394e-07              0.016778073
               0.99999992            -0.0046082802            3.2177127e-07              0.016778073
               0.99999991            -0.0047164403            3.6773859e-07              0.016778073
               0.99999989            -0.0048246004            4.1370591e-07              0.016778073
               0.99999988            -0.0049327604            4.5967324e-07              0.016778073
               0.99999987            -0.0050409205            5.0564056e-07              0.016778073
               0.99999985            -0.0051490806            5.5160788e-07              0.016778073
               0.99999984            -0.0052572407            5.9757521e-07              0.016778073
               0.99999983            -0.0053654008            6.4354253e-07              0.016778073
               0.99999981            -0.0054735608            6.8950985e-07              0.016778073
                0.9999998            -0.0055817209            7.3547717e-07              0.016778073
               0.99999978             -0.005689881             7.814445e-07              0.016778073
               0.99999976            -0.0057980411            8.2741182e-07              0.016778072
               0.99999975            -0.0059062012            8.7337914e-07              0.016778072
               0.99999973            -0.0060143613            9.1934646e-07              0.016778072
               0.99999972            -0.0061225214            9.6531378e-07              0.016778072
                0.9999997            -0.0062306815            1.0112811e-06              0.016778072
               0.99999968            -0.0063388417            1.0572484e-06              0.016778072
               0.99999966            -0.0064470018            1.1032157e-06              0.016778072
               0.99999965            -0.0065551619            1.1491831e-06              0.016778072
               0.99999963             -0.006663322            1.1951504e-06              0.016778072
               0.99999961            -0.0067714821            1.2411177e-06              0.016778071
               0.99999959            -0.0068796423             1.287085e-06              0.016778071
               0.99999957            -0.0069878024            1.3330523e-06              0.016778071
               0.99999955            -0.0070959626            1.3790197e-06              0.016778071
               0.99999954            -0.0072041227             1.424987e-06              0.016778071
               0.99999952            -0.0073122828            1.4709543e-06              0.016778071
                0.9999995             -0.007420443            1.5169216e-06              0.016778071
               0.99999948            -0.0075286032            1.5628889e-06               0.01677807
               0.99999945            -0.0076367633            1.6088562e-06               0.01677807
               0.99999943            -0.0077449235            1.6548236e-06               0.01677807
               0.99999941            -0.0078530837            1.7007909e-06               0.01677807
               0.99999939            -0.0079612438            1.7467582e-06               0.01677807
               0.99999937             -0.008069404            1.7927255e-06               0.01677807
               0.99999935            -0.0081775642            1.8386928e-06              0.016778069
               0.99999932            -0.0082857244            1.8846601e-06              0.016778069
                0.9999993            -0.0083938846            1.9306274e-06              0.016778069
               0.99999928            -0.0085020448            1.9765948e-06              0.016778069
               0.99999926             -0.008610205            2.0225621e-06              0.016778069
               0.99999923            -0.0087183652            2.0685294e-06              0.016778068
               0.99999921            -0.0088265254            2.1144967e-06              0.016778068
               0.99999918            -0.0089346856             2.160464e-06              0.016778068
               0.99999916            -0.0090428459            2.2064313e-06              0.016778068
               0.99999913            -0.0091510061            2.2523986e-06              0.016778067
               0.99999911            -0.0092591663            2.2983659e-06              0.016778067
               0.99999908            -0.0093673266            2.3443332e-06              0.016778067
               0.99999906            -0.0094754868            2.3903005e-06              0.016778067
               0.99999903            -0.0095836471            2.4362678e-06              0.016778066
               0.99999901            -0.0096918073            2.4822352e-06              0.016778066
               0.99999898            -0.0097999676            2.5282025e-06              0.016778066
               0.99999895            -0.0099081278            2.5741698e-06              0.016778066
               0.99999893             -0.010016288            2.6201371e-06              0.016778065
                0.9999989             -0.010124448            2.6661044e-06              0.016778065
               0.99999887             -0.010232609            2.7120717e-06              0.016778065
               0.99999884             -0.010340769             2.758039e-06              0.016778064
               0.99999881             -0.010448929            2.8040063e-06              0.016778064
               0.99999879              -0.01055709            2.8499736e-06              0.016778064
               0.99999876              -0.01066525            2.8959409e-06              0.016778064
               0.99999873              -0.01077341            2.9419082e-06              0.016778063
                0.9999987             -0.010881571            2.9878755e-06              0.016778063
               0.99999867             -0.010989731            3.0338428e-06              0.016778063
               0.99999864             -0.011097891              3.07981e-06              0.016778062
               0.99999861             -0.011206052            3.1257773e-06              0.016778062
               0.99999858             -0.011314212            3.1717446e-06              0.016778062
               0.99999855             -0.011422372            3.2177119e-06              0.016778061
               0.99999851             -0.011530533            3.2636792e-06              0.016778061
               0.99999848             -0.011638693            3.3096465e-06              0.016778061
               0.99999845             -0.011746853            3.3556138e-06               0.01677806
               0.99999842             -0.011855014            3.4015811e-06               0.01677806
               0.99999839             -0.011963174            3.4475484e-06              0.016778059
               0.99999835             -0.012071335            3.4935157e-06              0.016778059
               0.99999832             -0.012179495            3.5394829e-06              0.016778059
               0.99999829             -0.012287655            3.5854502e-06              0.016778058
               0.99999825             -0.012395816            3.6314175e-06              0.016778058
               0.99999822             -0.012503976            3.6773848e-06              0.016778058
               0.99999819             -0.012612137            3.7233521e-06              0.016778057
               0.99999815             -0.012720297            3.7693194e-06              0.016778057
               0.99999812             -0.012828458            3.8152866e-06              0.016778056
               0.99999808             -0.012936618            3.8612539e-06              0.016778056
               0.99999805             -0.013044778            3.9072212e-06              0.016778055
               0.99999801             -0.013152939            3.9531885e-06              0.016778055
               0.99999797             -0.013261099            3.9991557e-06              0.016778055
               0.99999794              -0.01336926             4.045123e-06              0.016778054
                0.9999979              -0.01347742            4.0910903e-06              0.016778054
               0.99999786             -0.013585581            4.1370575e-06              0.016778053
               0.99999783             -0.013693741            4.1830248e-06              0.016778053
               0.99999779             -0.013801902            4.2289921e-06              0.016778052
               0.99999775             -0.013910062            4.2749594e-06              0.016778052
               0.99999771             -0.014018223            4.3209266e-06              0.016778051
               0.99999767             -0.014126383            4.3668939e-06              0.016778051
               0.99999764             -0.014234544            4.4128611e-06              0.016778051
                0.9999976             -0.014342705            4.4588284e-06               0.01677805
               0.99999756             -0.014450865            4.5047957e-06               0.01677805
               0.99999752             -0.014559026            4.5507629e-06              0.016778049
               0.99999748             -0.014667186            4.5967302e-06              0.016778049
               0.99999744             -0.014775347            4.6426974e-06              0.016778048
                0.9999974             -0.014883508            4.6886647e-06              0.016778048
               0.99999736             -0.014991668             4.734632e-06              0.016778047
               0.99999732             -0.015099829            4.7805992e-06              0.016778047
               0.99999727             -0.015207989            4.8265665e-06              0.016778046
               0.99999723              -0.01531615            4.8725337e-06              0.016778046
               0.99999719             -0.015424311             4.918501e-06              0.016778045
               0.99999715             -0.015532471            4.9644682e-06              0.016778044
               0.99999711             -0.015640632            5.0104354e-06              0.016778044
               0.99999706             -0.015748793            5.0564027e-06              0.016778043
               0.99999702             -0.015856953            5.1023699e-06              0.016778043
               0.99999698             -0.015965114            5.1483372e-06              0.016778042
               0.99999693             -0.016073275            5.1943044e-06              0.016778042
               0.99999689             -0.016181435            5.2402716e-06              0.016778041
               0.99999684             -0.016289596            5.2862389e-06              0.016778041
                0.9999968             -0.016397757            5.3322061e-06               0.01677804
               0.99999675             -0.016505918            5.3781734e-06              0.016778039
               0.99999671             -0.016614078            5.4241406e-06              0.016778039
               0.99999666             -0.016722239            5.4701078e-06              0.016778038
               0.99999662               -0.0168304             5.516075e-06              0.016778038
               0.99999657             -0.016938561            5.5620423e-06              0.016778037
               0.99999653             -0.017046722            5.6080095e-06              0.016778037
               0.99999648             -0.017154882            5.6539767e-06              0.016778036
               0.99999643             -0.017263043            5.6999439e-06              0.016778035
               0.99999638             -0.017371204            5.7459112e-06              0.016778035
               0.99999634             -0.017479365            5.7918784e-06              0.016778034
               0.99999629             -0.017587526            5.8378456e-06              0.016778033
               0.99999624             -0.017695686            5.8838128e-06              0.016778033
               0.99999619             -0.017803847              5.92978e-06              0.016778032
               0.99999614             -0.017912008            5.9757472e-06              0.016778032
               0.99999609             -0.018020169            6.0217144e-06              0.016778031
               0.99999605              -0.01812833            6.0676816e-06               0.01677803
                 0.999996             -0.018236491            6.1136489e-06               0.01677803
               0.99999595             -0.018344652            6.1596161e-06              0.016778029
                0.9999959             -0.018452813            6.2055833e-06              0.016778028
               0.99999584             -0.018560974            6.2515505e-06              0.016778028
               0.99999579             -0.018669135            6.2975177e-06              0.016778027
               0.99999574             -0.018777296            6.3434849e-06              0.016778026
               0.99999569             -0.018885457            6.3894521e-06              0.016778026
               0.99999564             -0.018993618            6.4354192e-06              0.016778025
               0.99999559             -0.019101778            6.4813864e-06              0.016778024
               0.99999554             -0.019209939            6.5273536e-06              0.016778023
               0.99999548             -0.019318101            6.5733208e-06              0.016778023
               0.99999543             -0.019426262             6.619288e-06              0.016778022
               0.99999538             -0.019534423            6.6652552e-06              0.016778021
               0.99999532             -0.019642584            6.7112224e-06              0.016778021
               0.99999527             -0.019750745            6.7571895e-06               0.01677802
               0.99999521             -0.019858906            6.8031567e-06              0.016778019
               0.99999516             -0.019967067            6.8491239e-06              0.016778018
               0.99999511             -0.020075228            6.8950911e-06              0.016778018
               0.99999505             -0.020183389            6.9410582e-06              0.016778017
                 0.999995              -0.02029155            6.9870254e-06              0.016778016
               0.99999494             -0.020399711            7.0329926e-06              0.016778015
               0.99999488             -0.020507872            7.0789597e-06              0.016778015
               0.99999483             -0.020616034            7.1249269e-06              0.016778014
               0.99999477             -0.020724195            7.1708941e-06              0.016778013
               0.99999471             -0.020832356            7.2168612e-06              0.016778012
               0.99999466             -0.020940517            7.2628284e-06              0.016778012
                0.9999946             -0.021048678            7.3087955e-06              0.016778011
               0.99999454              -0.02115684            7.3547627e-06               0.01677801
               0.99999448             -0.021265001            7.4007298e-06              0.016778009
               0.99999443             -0.021373162             7.446697e-06              0.016778008
               0.99999437             -0.021481323            7.4926641e-06              0.016778008
               0.99999431             -0.021589485            7.5386313e-06              0.016778007
               0.99999425             -0.021697646            7.5845984e-06              0.016778006
               0.99999419             -0.021805807            7.6305656e-06              0.016778005
               0.99999413             -0.021913968            7.6765327e-06              0.016778004
               0.99999407              -0.02202213            7.7224998e-06              0.016778003
               0.99999401             -0.022130291             7.768467e-06              0.016778003
               0.99999395             -0.022238452            7.8144341e-06              0.016778002
               0.99999389             -0.022346614            7.8604012e-06              0.016778001
               0.99999383             -0.022454775            7.9063684e-06                 0.016778
               0.99999377             -0.022562937            7.9523355e-06              0.016777999
                0.9999937             -0.022671098            7.9983026e-06              0.016777998
               0.99999364             -0.022779259            8.0442697e-06              0.016777998
               0.99999358             -0.022887421            8.0902368e-06              0.016777997
               0.99999352             -0.022995582             8.136204e-06              0.016777996
               0.99999345             -0.023103744            8.1821711e-06              0.016777995
               0.99999339             -0.023211905            8.2281382e-06              0.016777994
               0.99999333             -0.023320067            8.2741053e-06              0.016777993
               0.99999326             -0.023428228            8.3200724e-06              0.016777992
                0.9999932              -0.02353639            8.3660395e-06              0.016777991
               0.99999313             -0.023644551            8.4120066e-06               0.01677799
               0.99999307             -0.023752713            8.4579737e-06               0.01677799
                 0.999993             -0.023860874            8.5039408e-06              0.016777989
               0.99999294             -0.023969036            8.5499079e-06              0.016777988
               0.99999287             -0.024077197             8.595875e-06              0.016777987
               0.99999281             -0.024185359             8.641842e-06              0.016777986
               0.99999274             -0.024293521            8.6878091e-06              0.016777985
               0.99999267             -0.024401682            8.7337762e-06              0.016777984
               0.99999261             -0.024509844            8.7797433e-06              0.016777983
               0.99999254             -0.024618005            8.8257104e-06              0.016777982
               0.99999247             -0.024726167            8.8716774e-06              0.016777981
               0.99999241             -0.024834329            8.9176445e-06               0.01677798
               0.99999234              -0.02494249            8.9636116e-06              0.016777979
               0.99999227             -0.025050652            9.0095786e-06              0.016777978
                0.9999922             -0.025158814            9.0555457e-06              0.016777977
               0.99999213             -0.025266976            9.1015128e-06              0.016777976
               0.99999206             -0.025375137            9.1474798e-06              0.016777975
               0.99999199             -0.025483299            9.1934469e-06              0.016777974
               0.99999192             -0.025591461            9.2394139e-06              0.016777973
               0.99999185             -0.025699623             9.285381e-06              0.016777972
               0.99999178             -0.025807784             9.331348e-06              0.016777971
               0.99999171             -0.025915946            9.3773151e-06               0.01677797
               0.99999164             -0.026024108            9.4232821e-06              0.016777969
               0.99999157              -0.02613227            9.4692492e-06              0.016777968
                0.9999915             -0.026240432            9.5152162e-06              0.016777967
               0.99999143             -0.026348594            9.5611832e-06              0.016777966
               0.99999135             -0.026456756            9.6071503e-06              0.016777965
               0.99999128             -0.026564918            9.6531173e-06              0.016777964
               0.99999121              -0.02667308            9.6990843e-06              0.016777963
               0.99999114             -0.026781241            9.7450513e-06              0.016777962
               0.99999106             -0.026889403            9.7910184e-06              0.016777961
               0.99999099             -0.026997565            9.8369854e-06               0.01677796
               0.99999091             -0.027105727            9.8829524e-06              0.016777959
               0.99999084             -0.027213889            9.9289194e-06              0.016777958
               0.99999077             -0.027322051            9.9748864e-06              0.016777957
               0.99999069             -0.027430214            1.0020853e-05              0.016777956
               0.99999062             -0.027538376             1.006682e-05              0.016777955
               0.99999054             -0.027646538            1.0112787e-05              0.016777953
               0.99999046               -0.0277547            1.0158754e-05              0.016777952
               0.99999039             -0.027862862            1.0204721e-05              0.016777951
               0.99999031             -0.027971024            1.0250688e-05               0.01677795
               0.99999024             -0.028079186            1.0296655e-05              0.016777949
               0.99999016             -0.028187348            1.0342622e-05              0.016777948
               0.99999008              -0.02829551            1.0388589e-05              0.016777947
                  0.99999             -0.028403673            1.0434556e-05              0.016777946
               0.99998993             -0.028511835            1.0480523e-05              0.016777945
               0.99998985             -0.028619997             1.052649e-05              0.016777943
               0.99998977             -0.028728159            1.0572457e-05              0.016777942
               0.99998969             -0.028836322            1.0618424e-05              0.016777941
               0.99998961             -0.028944484            1.0664391e-05               0.01677794
               0.99998953             -0.029052646            1.0710358e-05              0.016777939
               0.99998945             -0.029160809            1.0756325e-05              0.016777938
               0.99998937             -0.029268971            1.0802292e-05              0.016777937
               0.99998929             -0.029377133            1.0848259e-05              0.016777935
               0.99998921             -0.029485296            1.0894226e-05              0.016777934
               0.99998913             -0.029593458            1.0940193e-05              0.016777933
               0.99998905              -0.02970162             1.098616e-05              0.016777932
               0.99998897             -0.029809783            1.1032127e-05              0.016777931
               0.99998889             -0.029917945            1.1078094e-05              0.016777929
               0.99998881             -0.030026108            1.1124061e-05              0.016777928
               0.99998872              -0.03013427            1.1170028e-05              0.016777927
               0.99998864             -0.030242433            1.1215994e-05              0.016777926
               0.99998856             -0.030350595            1.1261961e-05              0.016777925
               0.99998847             -0.030458758            1.1307928e-05              0.016777923
               0.99998839              -0.03056692            1.1353895e-05              0.016777922
               0.99998831             -0.030675083            1.1399862e-05              0.016777921
               0.99998822             -0.030783245            1.1445829e-05               0.01677792
               0.99998814             -0.030891408            1.1491796e-05              0.016777918
               0.99998805             -0.030999571            1.1537763e-05              0.016777917
               0.99998797             -0.031107733             1.158373e-05              0.016777916
               0.99998788             -0.031215896            1.1629697e-05              0.016777915
                0.9999878             -0.031324058            1.1675664e-05              0.016777913
               0.99998771             -0.031432221             1.172163e-05              0.016777912
               0.99998763             -0.031540384            1.1767597e-05              0.016777911
               0.99998754             -0.031648547            1.1813564e-05               0.01677791
               0.99998745             -0.031756709            1.1859531e-05              0.016777908
               0.99998737             -0.031864872            1.1905498e-05              0.016777907
               0.99998728             -0.031973035            1.1951465e-05              0.016777906
               0.99998719             -0.032081198            1.1997432e-05              0.016777905
                0.9999871              -0.03218936            1.2043398e-05              0.016777903
               0.99998702             -0.032297523            1.2089365e-05              0.016777902
               0.99998693             -0.032405686            1.2135332e-05              0.016777901
               0.99998684             -0.032513849            1.2181299e-05              0.016777899
               0.99998675             -0.032622012            1.2227266e-05              0.016777898
               0.99998666             -0.032730175            1.2273233e-05              0.016777897
               0.99998657             -0.032838338              1.23192e-05              0.016777895
               0.99998648             -0.032946501            1.2365166e-05              0.016777894
               0.99998639             -0.033054664            1.2411133e-05              0.016777893
                0.9999863             -0.033162827              1.24571e-05              0.016777891
               0.99998621              -0.03327099            1.2503067e-05               0.01677789
               0.99998612             -0.033379153            1.2549034e-05              0.016777889
               0.99998603             -0.033487316            1.2595001e-05              0.016777887
               0.99998593             -0.033595479            1.2640967e-05              0.016777886
               0.99998584             -0.033703642            1.2686934e-05              0.016777885
               0.99998575             -0.033811805            1.2732901e-05              0.016777883
               0.99998566             -0.033919968            1.2778868e-05              0.016777882
               0.99998556             -0.034028131            1.2824835e-05               0.01677788
               0.99998547             -0.034136295            1.2870801e-05              0.016777879
               0.99998538             -0.034244458            1.2916768e-05              0.016777878
               0.99998528             -0.034352621            1.2962735e-05              0.016777876
               0.99998519             -0.034460784            1.3008702e-05              0.016777875
                0.9999851             -0.034568947            1.3054669e-05              0.016777873
                 0.999985             -0.034677111            1.3100635e-05              0.016777872
               0.99998491             -0.034785274            1.3146602e-05              0.016777871
               0.99998481             -0.034893437            1.3192569e-05              0.016777869
               0.99998471             -0.035001601            1.3238536e-05              0.016777868
               0.99998462             -0.035109764            1.3284502e-05              0.016777866
               0.99998452             -0.035217927            1.3330469e-05              0.016777865
               0.99998443             -0.035326091            1.3376436e-05              0.016777863
               0.99998433             -0.035434254            1.3422403e-05              0.016777862
               0.99998423             -0.035542418            1.3468369e-05              0.016777861
               0.99998413             -0.035650581            1.3514336e-05              0.016777859
               0.99998404             -0.035758745            1.3560303e-05              0.016777858
               0.99998394             -0.035866908             1.360627e-05              0.016777856
               0.99998384             -0.035975072            1.3652236e-05              0.016777855
               0.99998374             -0.036083235            1.3698203e-05              0.016777853
               0.99998364             -0.036191399             1.374417e-05              0.016777852
               0.99998354             -0.036299562            1.3790136e-05               0.01677785
               0.99998344             -0.036407726            1.3836103e-05              0.016777849
               0.99998335              -0.03651589             1.388207e-05              0.016777847
               0.99998324             -0.036624053            1.3928037e-05              0.016777846
               0.99998314             -0.036732217            1.3974003e-05              0.016777844
               0.99998304             -0.036840381             1.401997e-05              0.016777843
               0.99998294             -0.036948544            1.4065937e-05              0.016777841
               0.99998284             -0.037056708            1.4111903e-05               0.01677784
               0.99998274             -0.037164872             1.415787e-05              0.016777838
               0.99998264             -0.037273036            1.4203837e-05              0.016777837
               0.99998254             -0.037381199            1.4249803e-05              0.016777835
               0.99998243             -0.037489363             1.429577e-05              0.016777834
               0.99998233             -0.037597527            1.4341737e-05              0.016777832
               0.99998223             -0.037705691            1.4387703e-05               0.01677783
               0.99998212             -0.037813855             1.443367e-05              0.016777829
               0.99998202             -0.037922019            1.4479637e-05              0.016777827
               0.99998192             -0.038030183            1.4525603e-05              0.016777826
               0.99998181             -0.038138347             1.457157e-05              0.016777824
               0.99998171             -0.038246511            1.4617537e-05              0.016777823
                0.9999816             -0.038354675            1.4663503e-05              0.016777821
                0.9999815             -0.038462839             1.470947e-05              0.016777819
               0.99998139             -0.038571003            1.4755437e-05              0.016777818
               0.99998129             -0.038679167            1.4801403e-05              0.016777816
               0.99998118             -0.038787331             1.484737e-05              0.016777815
               0.99998108             -0.038895495            1.4893336e-05              0.016777813
               0.99998097             -0.039003659            1.4939303e-05              0.016777811
               0.99998086             -0.039111823             1.498527e-05               0.01677781
               0.99998076             -0.039219987            1.5031236e-05              0.016777808
               0.99998065             -0.039328152            1.5077203e-05              0.016777807
               0.99998054             -0.039436316            1.5123169e-05              0.016777805
               0.99998043              -0.03954448            1.5169136e-05              0.016777803
               0.99998032             -0.039652644            1.5215103e-05              0.016777802
               0.99998021             -0.039760809            1.5261069e-05                0.0167778
               0.99998011             -0.039868973            1.5307036e-05              0.016777798
                  0.99998             -0.039977137            1.5353002e-05              0.016777797
               0.99997989             -0.040085302            1.5398969e-05              0.016777795
               0.99997978             -0.040193466            1.5444935e-05              0.016777793
               0.99997967             -0.040301631            1.5490902e-05              0.016777792
               0.99997956             -0.040409795            1.5536869e-05               0.01677779
               0.99997945              -0.04051796            1.5582835e-05              0.016777788
               0.99997934             -0.040626124            1.5628802e-05              0.016777787
               0.99997922             -0.040734289            1.5674768e-05              0.016777785
               0.99997911             -0.040842453            1.5720735e-05              0.016777783
                 0.999979             -0.040950618            1.5766701e-05              0.016777782
               0.99997889             -0.041058782            1.5812668e-05               0.01677778
               0.99997878             -0.041166947            1.5858634e-05              0.016777778
               0.99997866             -0.041275111            1.5904601e-05              0.016777776
               0.99997855             -0.041383276            1.5950567e-05              0.016777775
               0.99997844             -0.041491441            1.5996534e-05              0.016777773
               0.99997832             -0.041599606              1.60425e-05              0.016777771
               0.99997821              -0.04170777            1.6088467e-05               0.01677777
               0.99997809             -0.041815935            1.6134433e-05              0.016777768
               0.99997798               -0.0419241              1.61804e-05              0.016777766
               0.99997786             -0.042032265            1.6226366e-05              0.016777764
               0.99997775             -0.042140429            1.6272333e-05              0.016777763
               0.99997763             -0.042248594            1.6318299e-05              0.016777761
               0.99997752             -0.042356759            1.6364266e-05              0.016777759
                0.9999774             -0.042464924            1.6410232e-05              0.016777757
               0.99997729             -0.042573089            1.6456199e-05              0.016777755
               0.99997717             -0.042681254            1.6502165e-05              0.016777754
               0.99997705             -0.042789419            1.6548132e-05              0.016777752
               0.99997694             -0.042897584            1.6594098e-05               0.01677775
               0.99997682             -0.043005749            1.6640064e-05              0.016777748
                0.9999767             -0.043113914            1.6686031e-05              0.016777747
               0.99997658             -0.043222079            1.6731997e-05              0.016777745
