            4.3511768e-05           -9.2954059e-05             0.0001515609
            9.1328656e-05           -0.00019507199            0.00031800808
            0.00014361533            -0.0003066675            0.00049978953
            0.00020053732            -0.0004280513             0.0006973409
            0.00026226069           -0.00055953073            0.00091108441
            0.00032895193           -0.00070140911             0.0011414279
            0.00040077789           -0.00085398532             0.0013887634
            0.00047790548            -0.0010175533             0.0016534667
            0.00056050172            -0.0011924013             0.0019358958
            0.00064873334            -0.0013788119             0.0022363899
            0.00074276678            -0.0015770609             0.0025552687
            0.00084276791            -0.0017874169             0.0028928312
            0.00094890186            -0.0020101413             0.0032493547
             0.0010613329            -0.0022454871             0.0036250939
             0.0011802244            -0.0024936989               0.00402028
             0.0013057384            -0.0027550121             0.0044351198
             0.0014380353            -0.0030296526             0.0048697946
             0.0015772744            -0.0033178361             0.0053244596
             0.0017236129            -0.0036197676             0.0057992431
             0.0018772061            -0.0039356413             0.0062942455
             0.0020382072            -0.0042656397             0.0068095388
             0.0022067671            -0.0046099331             0.0073451654
             0.0023830343            -0.0049686795             0.0079011381
             0.0025671545            -0.0053420239             0.0084774391
             0.0027592705             -0.005730098             0.0090740192
             0.0029595222            -0.0061330197             0.0096907977
             0.0031680462            -0.0065508924              0.010327662
             0.0033849759            -0.0069838053              0.010984465
             0.0036104408            -0.0074318322              0.011661029
             0.0038445669            -0.0078950318              0.012357142
             0.0040874763            -0.0083734469              0.013072557
             0.0043392869            -0.0088671043              0.013806994
             0.0046001123            -0.0093760142              0.014560139
             0.0048700618            -0.0099001705              0.015331643
               0.00514924              -0.01043955              0.016121122
             0.0054377468             -0.010994111              0.016928159
             0.0057356772             -0.011563796                0.0177523
             0.0060431211             -0.012148528               0.01859306
             0.0063601631             -0.012748215              0.019449916
             0.0066868825             -0.013362743              0.020322313
             0.0070233531             -0.013991982              0.021209661
              0.007369643             -0.014635784              0.022111337
             0.0077258144             -0.015293979              0.023026684
             0.0080919237             -0.015966381              0.023955014
             0.0084680212             -0.016652786              0.024895603
              0.008854151             -0.017352969              0.025847699
             0.0092503509             -0.018066687              0.026810516
             0.0096566522             -0.018793677              0.027783238
               0.01007308             -0.019533659              0.028765019
              0.010499652             -0.020286332              0.029754985
              0.010936379             -0.021051378              0.030752232
              0.011383267             -0.021828459               0.03175583
              0.011840314             -0.022617218              0.032764821
              0.012307508              -0.02341728              0.033778221
              0.012784836             -0.024228253              0.034795023
              0.013272272             -0.025049725              0.035814196
              0.013769786             -0.025881266              0.036834687
               0.01427734             -0.026722429              0.037855419
              0.014794889             -0.027572749                0.0388753
              0.015322379             -0.028431743              0.039893214
              0.015859751             -0.029298914              0.040908032
              0.016406938             -0.030173745              0.041918606
              0.016963863             -0.031055704              0.042923775
              0.017530445             -0.031944243              0.043922363
              0.018106594             -0.032838799              0.044913184
              0.018692212             -0.033738794              0.045895041
              0.019287194             -0.034643633              0.046866729
              0.019891427              -0.03555271              0.047827034
              0.020504793             -0.036465404              0.048774739
              0.021127163              -0.03738108               0.04970862
              0.021758402             -0.038299091              0.050627454
               0.02239837             -0.039218778              0.051530014
              0.023046915              -0.04013947              0.052415076
              0.023703882             -0.041060484              0.053281419
              0.024369106              -0.04198113              0.054127824
              0.025042417             -0.042900704              0.054953082
              0.025723637             -0.043818495              0.055755987
               0.02641258             -0.044733784              0.056535347
              0.027109054             -0.045645842              0.057289978
              0.027812861             -0.046553935               0.05801871
              0.028523795             -0.047457321              0.058720388
              0.029241644             -0.048355253              0.059393874
              0.029966189             -0.049246978              0.060038046
              0.030697207             -0.050131741              0.060651804
              0.031434464             -0.051008779              0.061234068
              0.032177725              -0.05187733              0.061783782
              0.032926746             -0.052736629              0.062299914
              0.033681277             -0.053585908              0.062781457
              0.034441065             -0.054424401              0.063227436
              0.035205849             -0.055251339              0.063636902
              0.035975363             -0.056065957              0.064008937
              0.036749337             -0.056867489              0.064342658
              0.037527495             -0.057655173              0.064637214
              0.038309556              -0.05842825              0.064891789
              0.039095235             -0.059185966              0.065105605
              0.039884242              -0.05992757              0.065277922
              0.040676284             -0.060652318               0.06540804
              0.041471063             -0.061359472              0.065495296
              0.042268275             -0.062048299              0.065539074
              0.043067617             -0.062718079              0.065538798
              0.043868778             -0.063368096              0.065493936
              0.044671447             -0.063997645              0.065404002
              0.045475308             -0.064606031              0.065268556
              0.046280043             -0.065192572              0.065087205
              0.047085331             -0.065756595              0.064859602
              0.047890849              -0.06629744              0.064585453
              0.048696271             -0.066814462              0.064264509
              0.049501271             -0.067307026              0.063896573
               0.05030552             -0.067774517              0.063481499
              0.051108687              -0.06821633              0.063019191
               0.05191044             -0.068631879              0.062509606
              0.052710447             -0.069020593              0.061952752
              0.053508375             -0.069381919               0.06134869
               0.05430389             -0.069715322              0.060697534
              0.055096657             -0.070020284              0.059999451
              0.055886342             -0.070296308              0.059254659
              0.056672612             -0.070542914              0.058463431
              0.057455133             -0.070759645              0.057626093
              0.058233571             -0.070946061              0.056743023
              0.059007596             -0.071101747              0.055814652
              0.059776875             -0.071226306              0.054841465
               0.06054108             -0.071319366              0.053823996
              0.061299883             -0.071380574              0.052762834
              0.062052957             -0.071409604              0.051658618
              0.062799979              -0.07140615              0.050512037
              0.063540627             -0.071369932              0.049323832
              0.064274581              -0.07130069              0.048094793
              0.065001527             -0.071198193              0.046825758
              0.065721149             -0.071062232              0.045517614
              0.066433139             -0.070892623              0.044171295
              0.067137188             -0.070689207               0.04278778
              0.067832995              -0.07045185              0.041368096
              0.068520259             -0.070180445              0.039913313
              0.069198686             -0.069874909              0.038424542
              0.069867985             -0.069535184              0.036902938
              0.070527868             -0.069161241              0.035349698
              0.071178054             -0.068753072              0.033766055
              0.071818266               -0.0683107              0.032153283
              0.072448232             -0.067834171              0.030512692
              0.073067685             -0.067323557              0.028845626
              0.073676363             -0.066778957              0.027153464
              0.074274011             -0.066200495              0.025437617
              0.074860377             -0.065588321              0.023699526
              0.075435219              -0.06494261              0.021940663
              0.075998297             -0.064263565              0.020162525
              0.076549379             -0.063551411              0.018366637
               0.07708824               -0.0628064              0.016554545
               0.07761466             -0.062028809               0.01472782
              0.078128427             -0.061218939              0.012888053
              0.078629333             -0.060377115              0.011036852
              0.079117182             -0.059503688             0.0091758431
              0.079591779              -0.05859903             0.0073066677
               0.08005294             -0.057663539             0.0054309793
              0.080500487             -0.056697636             0.0035504433
               0.08093425             -0.055701762             0.0016667338
              0.081354065             -0.054676383           -0.00021846711
              0.081759776             -0.053621987            -0.0021034724
              0.082151235             -0.052539081             -0.003986591
              0.082528302             -0.051428196            -0.0058661308
              0.082890843              -0.05028988            -0.0077403995
              0.083238734             -0.049124705            -0.0096077074
              0.083571857             -0.047933258             -0.011466369
              0.083890102              -0.04671615             -0.013314704
              0.084193367             -0.045474005              -0.01515104
              0.084481559             -0.044207468             -0.016973718
              0.084754593             -0.042917201             -0.018781085
              0.085012389             -0.041603882             -0.020571505
              0.085254879             -0.040268204             -0.022343358
              0.085481999             -0.038910877             -0.024095038
              0.085693697             -0.037532624             -0.025824962
              0.085889927             -0.036134184             -0.027531564
               0.08607065             -0.034716307             -0.029213303
              0.086235835             -0.033279757              -0.03086866
              0.086385463             -0.031825311             -0.032496144
              0.086519517             -0.030353753              -0.03409429
              0.086637992             -0.028865883             -0.035661661
              0.086740888             -0.027362508             -0.037196853
              0.086828217             -0.025844442             -0.038698493
              0.086899993             -0.024312513              -0.04016524
              0.086956243             -0.022767551             -0.041595788
              0.086996997             -0.021210395              -0.04298887
              0.087022297             -0.019641892             -0.044343254
              0.087032189             -0.018062892             -0.045657746
              0.087026727             -0.016474251             -0.046931193
              0.087005974             -0.014876828             -0.048162485
              0.086969999             -0.013271485              -0.04935055
              0.086918878             -0.011659089             -0.050494363
              0.086852695             -0.010040506             -0.051592941
              0.086771538            -0.0084166033             -0.052645346
              0.086675506            -0.0067882504             -0.053650687
              0.086564702            -0.0051563148             -0.054608119
              0.086439235            -0.0035216631             -0.055516845
              0.086299223            -0.0018851603             -0.056376115
              0.086144789           -0.00024766879             -0.057185229
              0.085976061             0.0013899523             -0.057943536
              0.085793175             0.0030268478             -0.058650434
              0.085596272             0.0046621671             -0.059305371
              0.085385499             0.0062950648             -0.059907848
              0.085161008             0.0079247016             -0.060457414
              0.084922958             0.0095502447              -0.06095367
              0.084671511              0.011170868             -0.061396269
              0.084406836              0.012785755             -0.061784915
              0.084129107              0.014394095             -0.062119363
              0.083838503              0.015995088             -0.062399419
              0.083535206              0.017587944             -0.062624943
              0.083219405              0.019171882             -0.062795842
              0.082891292              0.020746132             -0.062912077
              0.082551063              0.022309936             -0.062973661
              0.082198918              0.023862547             -0.062980653
              0.081835063              0.025403231             -0.062933166
              0.081459705              0.026931266             -0.062831361
              0.081073057              0.028445945             -0.062675449
              0.080675334              0.029946572             -0.062465689
              0.080266754              0.031432467             -0.062202388
              0.079847539              0.032902965             -0.061885901
              0.079417913              0.034357416              -0.06151663
              0.078978104              0.035795182             -0.061095023
              0.078528342              0.037215646             -0.060621572
              0.078068859              0.038618204             -0.060096814
              0.077599889              0.040002268             -0.059521331
              0.077121669              0.041367269             -0.058895746
              0.076634437              0.042712653             -0.058220724
              0.076138435              0.044037885             -0.057496972
              0.075633902              0.045342446             -0.056725233
              0.075121084              0.046625836             -0.055906294
              0.074600223              0.047887572             -0.055040974
              0.074071567              0.049127191             -0.054130133
               0.07353536              0.050344246             -0.053174662
               0.07299185               0.05153831              -0.05217549
              0.072441286              0.052708976             -0.051133575
              0.071883914              0.053855853             -0.050049909
              0.071319984               0.05497857             -0.048925513
              0.070749745              0.056076776             -0.047761437
              0.070173444              0.057150139              -0.04655876
               0.06959133              0.058198344             -0.045318586
              0.069003651              0.059221098             -0.044042042
              0.068410655              0.060218125             -0.042730282
              0.067812589               0.06118917             -0.041384481
              0.067209698              0.062133995             -0.040005833
              0.066602229              0.063052384             -0.038595554
              0.065990426              0.063944136             -0.037154876
              0.065374531              0.064809073             -0.035685048
              0.064754786              0.065647034             -0.034187334
              0.064131433              0.066457877             -0.032663014
              0.063504709              0.067241477             -0.031113376
              0.062874853              0.067997732             -0.029539722
              0.062242099              0.068726553             -0.027943363
              0.061606681              0.069427873             -0.026325618
              0.060968831              0.070101641             -0.024687812
              0.060328778              0.070747825             -0.023031276
               0.05968675               0.07136641             -0.021357345
              0.059042971              0.071957398             -0.019667355
              0.058397664               0.07252081             -0.017962646
              0.057751049              0.073056681             -0.016244556
              0.057103343              0.073565064             -0.014514421
              0.056454761              0.074046031             -0.012773576
              0.055805515              0.074499665             -0.011023352
              0.055155814              0.074926069            -0.0092650726
              0.054505865               0.07532536            -0.0075000572
               0.05385587              0.075697669            -0.0057296163
               0.05320603              0.076043145             -0.003955052
               0.05255654              0.076361948             -0.002177656
              0.051907597              0.076654254           -0.00039870922
              0.051259388              0.076920254               0.00138052
              0.050612103               0.07716015             0.0031587766
              0.049965924               0.07737416             0.0049348199
              0.049321031              0.077562512             0.0067074247
              0.048677603              0.077725448              0.008475382
              0.048035811              0.077863221                0.0102375
              0.047395826              0.077976098              0.011992607
              0.046757814              0.078064356              0.013739547
              0.046121937              0.078128281              0.015477188
              0.045488354              0.078168173              0.017204415
               0.04485722               0.07818434              0.018920138
              0.044228688              0.078177099              0.020623286
              0.043602903               0.07814678              0.022312815
              0.042980011              0.078093717              0.023987702
              0.042360151              0.078018257              0.025646949
               0.04174346              0.077920753              0.027289584
               0.04113007              0.077801565              0.028914659
              0.040520111              0.077661063              0.030521253
              0.039913706              0.077499622              0.032108471
              0.039310978              0.077317623              0.033675447
              0.038712043              0.077115456              0.035221341
              0.038117015              0.076893513               0.03674534
              0.037526004              0.076652195              0.038246661
              0.036939116              0.076391907              0.039724549
              0.036356453              0.076113056              0.041178278
              0.035778113              0.075816056               0.04260715
              0.035204191              0.075501325              0.044010498
              0.034634778              0.075169284              0.045387683
              0.034069961              0.074820355              0.046738097
              0.033509824              0.074454966               0.04806116
              0.032954447              0.074073546              0.049356323
              0.032403906              0.073676525              0.050623067
              0.031858274              0.073264336              0.051860902
              0.031317619              0.072837413              0.053069368
              0.030782009              0.072396191              0.054248035
              0.030251503              0.071941106              0.055396504
              0.029726162              0.071472593              0.056514403
              0.029206041              0.070991088               0.05760139
              0.028691191              0.070497027              0.058657155
               0.02818166              0.069990845              0.059681412
              0.027677495              0.069472976               0.06067391
              0.027178737              0.068943852               0.06163442
              0.026685425              0.068403905              0.062562747
              0.026197595              0.067853564               0.06345872
              0.025715278              0.067293257              0.064322198
              0.025238505              0.066723408              0.065153066
              0.024767302               0.06614444              0.065951236
              0.024301691              0.065556773              0.066716647
              0.023841695              0.064960822              0.067449264
              0.023387331              0.064357001              0.068149078
              0.022938612               0.06374572              0.068816104
              0.022495553              0.063127383              0.069450383
              0.022058161              0.062502394               0.07005198
              0.021626444              0.061871148              0.070620984
              0.021200407               0.06123404              0.071157505
               0.02078005              0.060591457              0.071661679
              0.020365373              0.059943784              0.072133662
              0.019956374              0.059291398              0.072573633
              0.019553045              0.058634675               0.07298179
              0.019155381              0.057973982              0.073358354
              0.018763369              0.057309681              0.073703565
              0.018376999              0.056642131               0.07401768
              0.017996257              0.055971683              0.074300978
              0.017621124              0.055298683              0.074553754
              0.017251584              0.054623471              0.074776321
              0.016887615               0.05394638              0.074969009
              0.016529196              0.053267739              0.075132165
              0.016176303              0.052587869              0.075266149
              0.015828909              0.051907085              0.075371339
              0.015486987              0.051225695              0.075448126
              0.015150508              0.050544003              0.075496913
              0.014819441              0.049862303              0.075518119
              0.014493753              0.049180885              0.075512173
              0.014173411              0.048500031              0.075479517
               0.01385838              0.047820018              0.075420605
              0.013548623              0.047141113              0.075335899
              0.013244101               0.04646358              0.075225872
              0.012944776              0.045787674              0.075091008
              0.012650607              0.045113643              0.074931797
              0.012361553               0.04444173              0.074748738
              0.012077571              0.043772169              0.074542339
              0.011798616              0.043105188              0.074313112
              0.011524645              0.042441009              0.074061577
              0.011255611              0.041779847              0.073788259
              0.010991469              0.041121908              0.073493688
              0.010732169              0.040467395                0.0731784
              0.010477665              0.039816501              0.072842933
              0.010227907              0.039169414              0.072487829
             0.0099828448              0.038526315              0.072113633
             0.0097424287              0.037887377              0.071720892
             0.0095066075              0.037252769              0.071310154
             0.0092753294              0.036622651              0.070881971
             0.0090485424              0.035997179              0.070436893
             0.0088261938              0.035376499              0.069975471
             0.0086082305              0.034760755              0.069498256
             0.0083945992               0.03415008              0.069005798
             0.0081852457              0.033544606              0.068498646
             0.0079801162              0.032944454              0.067977349
              0.007779156              0.032349741              0.067442451
             0.0075823105              0.031760579              0.066894495
             0.0073895247              0.031177073              0.066334022
             0.0072007436              0.030599321              0.065761568
             0.0070159119              0.030027417              0.065177668
             0.0068349744              0.029461449              0.064582849
             0.0066578754              0.028901499              0.063977637
             0.0064845597              0.028347644              0.063362552
             0.0063149717              0.027799954               0.06273811
              0.006149056              0.027258496              0.062104821
             0.0059867572              0.026723331              0.061463188
               0.00582802              0.026194514               0.06081371
             0.0056727892              0.025672096              0.060156879
             0.0055210097              0.025156122              0.059493181
             0.0053726266              0.024646634              0.058823095
             0.0052275851              0.024143668              0.058147093
             0.0050858306              0.023647255              0.057465639
             0.0049473089              0.023157423              0.056779191
             0.0048119659              0.022674194              0.056088199
             0.0046797479              0.022197587              0.055393105
             0.0045506015              0.021727617              0.054694343
             0.0044244732              0.021264294              0.053992339
             0.0043013105              0.020807624              0.053287511
             0.0041810607              0.020357609              0.052580267
             0.0040636717               0.01991425               0.05187101
              0.003949092               0.01947754              0.051160131
               0.00383727              0.019047471              0.050448014
             0.0037281551              0.018624033              0.049735033
             0.0036216966              0.018207209              0.049021554
             0.0035178444              0.017796982              0.048307933
             0.0034165491               0.01739333              0.047594518
             0.0033177615              0.016996229              0.046881649
              0.003221433              0.016605652              0.046169654
             0.0031275156              0.016221568              0.045458853
             0.0030359614              0.015843946              0.044749558
             0.0029467235               0.01547275               0.04404207
             0.0028597553              0.015107942              0.043336683
             0.0027750107              0.014749482              0.042633679
             0.0026924442              0.014397328              0.041933333
             0.0026120107              0.014051436               0.04123591
              0.002533666              0.013711758              0.040541666
             0.0024573659              0.013378246              0.039850848
             0.0023830673               0.01305085              0.039163693
             0.0023107275              0.012729517              0.038480431
             0.0022403043              0.012414193              0.037801281
             0.0021717561              0.012104822              0.037126455
             0.0021050417              0.011801348              0.036456154
             0.0020401208              0.011503711              0.035790573
             0.0019769535              0.011211851              0.035129895
             0.0019155004              0.010925707              0.034474297
             0.0018557231              0.010645216              0.033823947
             0.0017975832              0.010370314              0.033179004
             0.0017410433              0.010100936               0.03253962
             0.0016860664             0.0098370177              0.031905937
             0.0016326163             0.0095784907               0.03127809
              0.001580657             0.0093252877              0.030656206
             0.0015301535             0.0090773405              0.030040405
             0.0014810711             0.0088345798              0.029430797
             0.0014333757             0.0085969357              0.028827487
             0.0013870339              0.008364338              0.028230571
             0.0013420129             0.0081367156              0.027640138
             0.0012982803             0.0079139972               0.02705627
             0.0012558043             0.0076961111              0.026479041
             0.0012145539              0.007482985               0.02590852
             0.0011744983             0.0072745466              0.025344768
             0.0011356076             0.0070707231              0.024787838
             0.0010978522             0.0068714417               0.02423778
             0.0010612031             0.0066766294              0.023694634
              0.001025632              0.006486213              0.023158435
            0.00099111092             0.0063001193              0.022629214
            0.00095761259             0.0061182751              0.022106992
            0.00092511016             0.0059406074              0.021591788
            0.00089357731             0.0057670431              0.021083612
             0.0008629883             0.0055975092              0.020582472
            0.00083331784             0.0054319329              0.020088368
             0.0008045412             0.0052702415              0.019601295
            0.00077663405             0.0051123628              0.019121244
            0.00074957265             0.0049582245                0.0186482
            0.00072333375             0.0048077547              0.018182144
            0.00069789451             0.0046608819              0.017723051
            0.00067323262             0.0045175349              0.017270893
            0.00064932618             0.0043776429              0.016825635
            0.00062615379             0.0042411353              0.016387242
            0.00060369446              0.004107942               0.01595567
             0.0005819277             0.0039779935              0.015530875
             0.0005608334             0.0038512205              0.015112805
            0.00054039194             0.0037275542              0.014701408
            0.00052058408             0.0036069265              0.014296626
            0.00050139102             0.0034892695              0.013898398
            0.00048279433              0.003374516               0.01350666
            0.00046477601             0.0032625992              0.013121343
            0.00044731845             0.0031534529              0.012742377
            0.00043040446             0.0030470115              0.012369687
            0.00041401711             0.0029432098              0.012003195
            0.00039813996             0.0028419831              0.011642823
            0.00038275687             0.0027432674              0.011288485
            0.00036785207             0.0026469993              0.010940097
            0.00035341009             0.0025531158              0.010597569
            0.00033941586             0.0024615545               0.01026081
            0.00032585459             0.0023722537             0.0099297266
            0.00031271183              0.002285152             0.0096042219
            0.00029997346             0.0022001886             0.0092841973
            0.00028762563             0.0021173035             0.0089695518
            0.00027565479              0.002036437             0.0086601821
            0.00026404771               0.00195753             0.0083559826
            0.00025279144             0.0018805238             0.0080568456
             0.0002418732             0.0018053605             0.0077626614
            0.00023128059             0.0017319823             0.0074733181
            0.00022100138             0.0016603321              0.007188702
            0.00021102361             0.0015903534             0.0069086972
            0.00020133559             0.0015219898             0.0066331861
             0.0001919258             0.0014551856             0.0063620489
            0.00018278298             0.0013898855             0.0060951642
            0.00017389605             0.0013260346             0.0058324086
            0.00016525414             0.0012635781             0.0055736568
             0.0001568466              0.001202462             0.0053187818
            0.00014866293             0.0011426324             0.0050676546
            0.00014069276             0.0010840355             0.0048201444
            0.00013292595             0.0010266181             0.0045761187
            0.00012535249            0.00097032726             0.0043354428
            0.00011796249            0.00091510995             0.0040979805
            0.00011074623            0.00086091356             0.0038635933
            0.00010369412            0.00080768555             0.0036321411
            9.6796683e-05            0.00075537351             0.0034034815
            9.0044534e-05            0.00070392512             0.0031774704
            8.3428321e-05            0.00065328807             0.0029539612
            7.6938855e-05            0.00060341009             0.0027328056
            7.0566993e-05            0.00055423884             0.0025138528
            6.4303669e-05            0.00050572193             0.0022969498
            5.8139865e-05            0.00045780683             0.0020819414
            5.2066549e-05            0.00041044078             0.0018686696
            4.6074784e-05            0.00036357084             0.0016569742
            4.0155653e-05            0.00031714378             0.0014466923
            3.4300168e-05            0.00027110609             0.0012376581
            2.8499361e-05            0.00022540377             0.0010297032
            2.2744277e-05            0.00017998248            0.00082265592
            1.7025901e-05            0.00013478727            0.00061634164
            1.1335184e-05            8.9762639e-05             0.0004105824
            5.6629431e-06            4.4852505e-05            0.00020519685
