             0.0018263337            -0.0023476795             0.0026939279
             0.0036620631            -0.0047059325             0.0053982456
             0.0055061695            -0.0070719351             0.0081079596
             0.0073576281            -0.0094428491              0.010818058
             0.0092154087             -0.011815826               0.01352352
              0.011078477             -0.014188012              0.016219325
              0.012945795              -0.01655655              0.018900464
              0.014816322             -0.018918583              0.021561946
              0.016689016              -0.02127126              0.024198814
              0.018562833             -0.023611741              0.026806147
              0.020436732             -0.025937194              0.029379074
              0.022309669             -0.028244809              0.031912783
              0.024180604             -0.030531791              0.034402531
              0.026048501             -0.032795373              0.036843649
              0.027912324             -0.035032814              0.039231558
              0.029771046             -0.037241403               0.04156177
              0.031623641             -0.039418467              0.043829905
              0.033469092             -0.041561368              0.046031693
              0.035306389             -0.043667512              0.048162982
              0.037134528              -0.04573435              0.050219754
              0.038952516             -0.047759381              0.052198121
              0.040759368             -0.049740157              0.054094342
               0.04255411             -0.051674284              0.055904827
               0.04433578             -0.053559426               0.05762614
              0.046103426              -0.05539331              0.059255013
              0.047856112             -0.057173724              0.060788345
              0.049592912             -0.058898526              0.062223213
              0.051312916              -0.06056564              0.063556873
              0.053015229             -0.062173067               0.06478677
              0.054698972             -0.063718878              0.065910537
              0.056363281             -0.065201222              0.066926004
              0.058007311              -0.06661833              0.067831201
              0.059630234             -0.067968511               0.06862436
              0.061231239             -0.069250159              0.069303917
              0.062809536             -0.070461752              0.069868519
              0.064364352             -0.071601856              0.070317023
              0.065894938             -0.072669126              0.070648496
              0.067400562             -0.073662304              0.070862222
              0.068880514             -0.074580227              0.070957698
              0.070334108             -0.075421822              0.070934638
              0.071760676             -0.076186111              0.070792968
              0.073159576             -0.076872208              0.070532832
              0.074530187             -0.077479325              0.070154588
              0.075871912             -0.078006769              0.069658806
              0.077184179             -0.078453942              0.069046267
              0.078466439             -0.078820344              0.068317963
              0.079718165             -0.079105571              0.067475092
              0.080938859             -0.079309317              0.066519056
              0.082128044             -0.079431372              0.065451459
              0.083285271             -0.079471622              0.064274101
              0.084410116              -0.07943005              0.062988978
              0.085502178             -0.079306735               0.06159827
              0.086561084              -0.07910185              0.060104347
              0.087586487             -0.078815665              0.058509756
              0.088578064              -0.07844854              0.056817216
              0.089535519             -0.078000929              0.055029617
              0.090458583             -0.077473378              0.053150011
              0.091347011             -0.076866522              0.051181605
              0.092200585             -0.076181085              0.049127756
              0.093019114             -0.075417877              0.046991964
               0.09380243             -0.074577797              0.044777865
              0.094550394             -0.073661824              0.042489224
              0.095262891              -0.07267102              0.040129924
              0.095939831             -0.071606528              0.037703964
              0.096581151             -0.070469567              0.035215449
              0.097186812             -0.069261436              0.032668579
              0.097756801             -0.067983502              0.030067646
              0.098291127             -0.066637207              0.027417022
              0.098789828             -0.065224061              0.024721151
              0.099252962             -0.063745641              0.021984544
              0.099680613             -0.062203586              0.019211764
               0.10007289             -0.060599599              0.016407423
               0.10042992              -0.05893544              0.013576174
               0.10075186             -0.057212924              0.010722698
               0.10103888             -0.055433922             0.0078516955
               0.10129118             -0.053600352             0.0049678837
               0.10150898             -0.051714182             0.0020759819
               0.10169253             -0.049777422           -0.00081929413
               0.10184208             -0.047792127            -0.0037132411
               0.10195791             -0.045760386            -0.0066011767
               0.10204033             -0.043684328            -0.0094784476
               0.10208966             -0.041566112             -0.012340438
               0.10210623             -0.039407927             -0.015182576
               0.10209041             -0.037211988             -0.018000345
               0.10204257             -0.034980535             -0.020789286
                0.1019631             -0.032715826              -0.02354501
               0.10185242             -0.030420139             -0.026263204
               0.10171094             -0.028095763             -0.028939635
               0.10153912             -0.025745001             -0.031570161
                0.1013374             -0.023370164             -0.034150735
               0.10110626             -0.020973568             -0.036677413
               0.10084619             -0.018557529             -0.039146358
               0.10055767             -0.016124366             -0.041553848
               0.10024122             -0.013676393             -0.043896281
              0.099897363             -0.011215917              -0.04617018
              0.099526631            -0.0087452365             -0.048372198
              0.099129568            -0.0062666393             -0.050499122
              0.098706727            -0.0037823971              -0.05254788
              0.098258674            -0.0012947653             -0.054515541
               0.09778598             0.0011940209             -0.056399323
              0.097289226             0.0036817482             -0.058196595
              0.096769001             0.0061662282             -0.059904878
                0.0962259             0.0086452995             -0.061521851
              0.095660524               0.01111683             -0.063045352
              0.095073483               0.01357872             -0.064473381
              0.094465387              0.016028902             -0.065804101
              0.093836856              0.018465346             -0.067035839
               0.09318851              0.020886059              -0.06816709
              0.092520974              0.023289088             -0.069196515
              0.091834876              0.025672523             -0.070122942
              0.091130847              0.028034494             -0.070945369
              0.090409516              0.030373181             -0.071662961
              0.089671518              0.032686806              -0.07227505
              0.088917486              0.034973643             -0.072781136
              0.088148053              0.037232012             -0.073180885
              0.087363853              0.039460287             -0.073474127
              0.086565516              0.041656894             -0.073660858
              0.085753673              0.043820309             -0.073741232
              0.084928954              0.045949066             -0.073715565
              0.084091982              0.048041752             -0.073584329
              0.083243382              0.050097012             -0.073348152
              0.082383773              0.052113547             -0.073007813
               0.08151377              0.054090116              -0.07256424
              0.080633984              0.056025534             -0.072018507
              0.079745021              0.057918677             -0.071371828
              0.078847483              0.059768481             -0.070625558
              0.077941965              0.061573939             -0.069781185
              0.077029056              0.063334105             -0.068840327
              0.076109339              0.065048092              -0.06780473
              0.075183391              0.066715073             -0.066676259
              0.074251781              0.068334283             -0.065456897
              0.073315071              0.069905013             -0.064148741
              0.072373815              0.071426617             -0.062753993
              0.071428559              0.072898506             -0.061274959
               0.07047984              0.074320152             -0.059714042
              0.069528188              0.075691084             -0.058073737
              0.068574123               0.07701089             -0.056356626
              0.067618156              0.078279215             -0.054565373
              0.066660789              0.079495762             -0.052702718
              0.065702514              0.080660288             -0.050771472
              0.064743813              0.081772609             -0.048774511
              0.063785159              0.082832592             -0.046714771
              0.062827013              0.083840162             -0.044595242
              0.061869829              0.084795293             -0.042418964
              0.060914047              0.085698013             -0.040189017
              0.059960099              0.086548402             -0.037908523
              0.059008404              0.087346587             -0.035580633
              0.058059372              0.088092747             -0.033208526
              0.057113401              0.088787106             -0.030795403
              0.056170879              0.089429936             -0.028344479
              0.055232183              0.090021554             -0.025858983
              0.054297677               0.09056232             -0.023342145
              0.053367716              0.091052639             -0.020797201
              0.052442642              0.091492954             -0.018227377
              0.051522788              0.091883751             -0.015635893
              0.050608474              0.092225553             -0.013025954
              0.049700008               0.09251892             -0.010400745
               0.04879769              0.092764448            -0.0077634278
              0.047901806              0.092962769            -0.0051171359
              0.047012632              0.093114545            -0.0024649707
              0.046130432              0.093220472            0.00019000329
               0.04525546              0.093281273             0.0028447624
              0.044387959              0.093297704             0.0054963274
               0.04352816              0.093270543             0.0081417678
              0.042676284              0.093200596              0.010778205
              0.041832542              0.093088693              0.013402815
              0.040997133              0.092935687              0.016012835
              0.040170246              0.092742451              0.018605561
               0.03935206              0.092509878              0.021178355
              0.038542743              0.092238878              0.023728649
              0.037742453               0.09193038              0.026253941
              0.036951338              0.091585326              0.028751804
              0.036169537              0.091204673              0.031219886
              0.035397179              0.090789391              0.033655912
              0.034634382              0.090340459              0.036057686
              0.033881257              0.089858867              0.038423091
              0.033137903              0.089345614              0.040750095
              0.032404412              0.088801705              0.043036746
              0.031680866               0.08822815              0.045281182
              0.030967339              0.087625965              0.047481623
              0.030263896              0.086996169              0.049636376
              0.029570595               0.08633978              0.051743838
              0.028887483              0.085657822              0.053802491
              0.028214602              0.084951313               0.05581091
              0.027551984              0.084221274              0.057767754
              0.026899655              0.083468721              0.059671774
              0.026257633              0.082694666               0.06152181
              0.025625928              0.081900118              0.063316788
              0.025004545              0.081086078              0.065055726
              0.024393479              0.080253543              0.066737727
              0.023792722                0.0794035              0.068361983
              0.023202258              0.078536929              0.069927773
              0.022622064              0.077654799              0.071434459
              0.022052113              0.076758071               0.07288149
               0.02149237              0.075847692                0.0742684
              0.020942795                0.0749246              0.075594802
              0.020403345               0.07398972              0.076860393
              0.019873968              0.073043962              0.078064948
              0.019354611              0.072088223              0.079208321
              0.018845212              0.071123388              0.080290442
              0.018345708              0.070150323              0.081311319
               0.01785603              0.069169882              0.082271028
              0.017376105              0.068182901              0.083169721
              0.016905856              0.067190198              0.084007618
              0.016445202              0.066192579              0.084785005
              0.015994059              0.065190828              0.085502235
              0.015552338              0.064185712              0.086159725
               0.01511995              0.063177983              0.086757952
              0.014696799              0.062168371              0.087297453
              0.014282789              0.061157589              0.087778821
              0.013877819              0.060146332              0.088202706
              0.013481787              0.059135274              0.088569808
              0.013094589              0.058125072              0.088880877
              0.012716118              0.057116361              0.089136713
              0.012346264               0.05610976               0.08933816
              0.011984916              0.055105865              0.089486106
              0.011631962              0.054105254              0.089581479
              0.011287287              0.053108486              0.089625246
              0.010950776                0.0521161               0.08961841
              0.010622311              0.051128613              0.089562009
              0.010301775              0.050146526              0.089457111
             0.0099890465              0.049170318              0.089304813
             0.0096840069               0.04820045              0.089106242
             0.0093865347              0.047237363              0.088862545
             0.0090965082              0.046281479              0.088574896
             0.0088138052                0.0453332              0.088244486
             0.0085383031              0.044392912              0.087872527
              0.008269879              0.043460978              0.087460244
             0.0080084096              0.042537747              0.087008877
             0.0077537719              0.041623547               0.08651968
             0.0075058425              0.040718688              0.085993913
             0.0072644985              0.039823464              0.085432846
             0.0070296169              0.038938149              0.084837756
             0.0068010752              0.038063002              0.084209921
             0.0065787513              0.037198265              0.083550623
             0.0063625234              0.036344161              0.082861145
             0.0061522704                0.0355009              0.082142767
             0.0059478718              0.034668674              0.081396767
             0.0057492078              0.033847659              0.080624419
             0.0055561594              0.033038017              0.079826988
             0.0053686083              0.032239895              0.079005736
             0.0051864374              0.031453424              0.078161911
             0.0050095304              0.030678722              0.077296754
             0.0048377719              0.029915893              0.076411492
             0.0046710478              0.029165027              0.075507341
              0.004509245              0.028426201              0.074585501
             0.0043522517              0.027699479              0.073647156
             0.0041999571              0.026984914              0.072693476
             0.0040522519              0.026282545              0.071725612
              0.003909028              0.025592401              0.070744695
             0.0037701787              0.024914498              0.069751839
             0.0036355985              0.024248844              0.068748137
             0.0035051834              0.023595433              0.067734659
             0.0033788311              0.022954251              0.066712457
             0.0032564402              0.022325274              0.065682557
             0.0031379113              0.021708468              0.064645963
             0.0030231463              0.021103792              0.063603656
             0.0029120485              0.020511194              0.062556593
              0.002804523              0.019930614              0.061505704
             0.0027004762              0.019361985              0.060451897
             0.0025998162              0.018805233              0.059396053
             0.0025024526              0.018260276              0.058339027
             0.0024082967              0.017727025              0.057281649
             0.0023172613              0.017205384              0.056224721
             0.0022292608              0.016695253              0.055169022
             0.0021442111              0.016196523                0.0541153
             0.0020620299              0.015709084              0.053064281
             0.0019826364              0.015232815               0.05201666
             0.0019059514              0.014767596              0.050973109
             0.0018318972              0.014313298              0.049934272
             0.0017603977               0.01386979              0.048900766
             0.0016913786              0.013436938              0.047873181
             0.0016247669                0.0130146              0.046852084
             0.0015604913              0.012602637              0.045838011
              0.001498482                0.0122009              0.044831478
             0.0014386708              0.011809243              0.043832969
             0.0013809909              0.011427515              0.042842948
             0.0013253772              0.011055561               0.04186185
             0.0012717659              0.010693227              0.040890088
             0.0012200949              0.010340355              0.039928049
             0.0011703033             0.0099967865              0.038976096
              0.001122332             0.0096623609              0.038034568
             0.0010761231             0.0093369166              0.037103783
             0.0010316201             0.0090202911              0.036184033
            0.00098876805             0.0087123211              0.035275589
            0.00094751323             0.0084128426              0.034378699
            0.00090780338             0.0081216912              0.033493592
            0.00086958756             0.0078387021              0.032620472
            0.00083281613             0.0075637105              0.031759524
            0.00079744078             0.0072965517              0.030910915
            0.00076341445             0.0070370612              0.030074789
            0.00073069135             0.0067850747              0.029251272
            0.00069922694             0.0065404285              0.028440471
            0.00066897786             0.0063029595              0.027642476
            0.00063990195             0.0060725053              0.026857359
            0.00061195825             0.0058489044              0.026085172
             0.0005851069             0.0056319962              0.025325954
            0.00055930918             0.0054216211              0.024579726
            0.00053452748             0.0052176208              0.023846493
            0.00051072524              0.005019838              0.023126246
            0.00048786698              0.004828117               0.02241896
            0.00046591823             0.0046423031              0.021724596
            0.00044484554             0.0044622435              0.021043103
            0.00042461642             0.0042877867              0.020374414
            0.00040519936             0.0041187826              0.019718451
            0.00038656377             0.0039550829              0.019075123
               0.00036868             0.0037965411              0.018444327
            0.00035151925             0.0036430122               0.01782595
            0.00033505362             0.0034943529              0.017219866
            0.00031925604             0.0033504217              0.016625938
            0.00030410025             0.0032110792              0.016044022
            0.00028956081             0.0030761872              0.015473962
            0.00027561303             0.0029456099              0.014915591
              0.000262233             0.0028192129              0.014368737
            0.00024939752             0.0026968638              0.013833216
             0.0002370841              0.002578432              0.013308837
            0.00022527094             0.0024637888                0.0127954
             0.0002139369              0.002352807              0.012292699
            0.00020306149             0.0022453614              0.011800519
            0.00019262483             0.0021413287              0.011318639
            0.00018260763             0.0020405869               0.01084683
             0.0001729912              0.001943016              0.010384858
            0.00016375738             0.0018484976             0.0099324795
            0.00015488857             0.0017569148             0.0094894483
            0.00014636764             0.0016681526             0.0090555103
            0.00013817799              0.001582097             0.0086304058
            0.00013030348             0.0014986359             0.0082138693
             0.0001227284             0.0014176583               0.00780563
            0.00011543749             0.0013390548             0.0074054112
            0.00010841587             0.0012627172             0.0070129311
            0.00010164907             0.0011885382             0.0066279023
            9.5122967e-05             0.0011164121             0.0062500322
            8.8823785e-05              0.001046234             0.0058790227
            8.2738067e-05            0.00097789972             0.0055145705
            7.6852653e-05            0.00091130635              0.005156367
            7.1154663e-05            0.00084635149             0.0048040977
            6.5631469e-05            0.00078293345             0.0044574432
            6.0270677e-05            0.00072095107             0.0041160778
            5.5060104e-05            0.00066030365             0.0037796705
            4.9987753e-05            0.00060089075              0.003447884
            4.5041794e-05            0.00054261216              0.003120375
            4.0210536e-05            0.00048536767             0.0027967935
            3.5482406e-05            0.00042905701             0.0024767832
            3.0845924e-05            0.00037357964             0.0021599804
            2.6289677e-05            0.00031883465             0.0018460144
            2.1802297e-05            0.00026472056             0.0015345067
            1.7372428e-05            0.00021113514             0.0012250705
            1.2988705e-05            0.00015797527            0.00091731082
            8.6397239e-06            0.00010513673            0.00061082335
            4.3140124e-06            5.2513981e-05            0.00030519437
