             0.0015022055            -0.0018397462             0.0020570028
             0.0030039604            -0.0036782045              0.004111743
             0.0045048143            -0.0055140884             0.0061619605
             0.0060043171            -0.0073461129             0.0082054005
             0.0075020196            -0.0091729964              0.010239816
             0.0089974734             -0.010993461              0.012262971
              0.010490231             -0.012806235              0.014272641
              0.011979847             -0.014610051              0.016266618
              0.013465877             -0.016403649              0.018242712
              0.014947878             -0.018185778              0.020198755
              0.016425409             -0.019955196                0.0221326
              0.017898033             -0.021710669              0.024042126
              0.019365313             -0.023450977              0.025925241
              0.020826817             -0.025174909              0.027779883
              0.022282113             -0.026881268              0.029604022
              0.023730775             -0.028568871              0.031395663
              0.025172378              -0.03023655               0.03315285
              0.026606503              -0.03188315              0.034873666
              0.028032732             -0.033507537              0.036556234
              0.029450652             -0.035108589              0.038198723
              0.030859855             -0.036685207              0.039799347
              0.032259936             -0.038236307              0.041356368
              0.033650496             -0.039760828              0.042868098
              0.035031138             -0.041257726              0.044332901
              0.036401473             -0.042725983              0.045749194
              0.037761115             -0.044164599              0.047115449
              0.039109685             -0.045572599              0.048430197
              0.040446806             -0.046949032              0.049692026
              0.041772111             -0.048292968              0.050899584
              0.043085235             -0.049603507              0.052051582
              0.044385822              -0.05087977              0.053146792
               0.04567352             -0.052120908              0.054184053
              0.046947984             -0.053326095              0.055162267
              0.048208874             -0.054494535              0.056080404
               0.04945586              -0.05562546              0.056937503
              0.050688614             -0.056718129              0.057732669
              0.051906819             -0.057771832              0.058465078
              0.053110163             -0.058785886              0.059133977
              0.054298341              -0.05975964              0.059738684
              0.055471056             -0.060692472              0.060278588
              0.056628016             -0.061583791              0.060753152
              0.057768941             -0.062433038              0.061161909
              0.058893554             -0.063239684              0.061504468
              0.060001588             -0.064003232              0.061780511
              0.061092783             -0.064723218              0.061989793
              0.062166888              -0.06539921              0.062132142
              0.063223659             -0.066030807              0.062207462
              0.064262859             -0.066617642              0.062215729
              0.065284261              -0.06715938              0.062156994
              0.066287645             -0.067655721              0.062031379
              0.067272801             -0.068106395              0.061839082
              0.068239525             -0.068511167              0.061580372
              0.069187622             -0.068869834              0.061255589
              0.070116907             -0.069182229              0.060865147
              0.071027201             -0.069448214               0.06040953
              0.071918336             -0.069667688              0.059889291
              0.072790152             -0.069840579              0.059305052
              0.073642495             -0.069966853              0.058657507
              0.074475223             -0.070046505              0.057947412
              0.075288201             -0.070079563              0.057175594
              0.076081304              -0.07006609              0.056342941
              0.076854413             -0.070006179               0.05545041
               0.07760742             -0.069899955              0.054499015
              0.078340226             -0.069747577              0.053489835
              0.079052739             -0.069549234              0.052424009
              0.079744876             -0.069305145              0.051302733
              0.080416563             -0.069015563              0.050127259
              0.081067736              -0.06868077              0.048898896
              0.081698337             -0.068301076              0.047619007
              0.082308319             -0.067876825              0.046289004
              0.082897641             -0.067408387              0.044910353
              0.083466274             -0.066896162              0.043484566
              0.084014193             -0.066340579                0.0420132
              0.084541386             -0.065742094               0.04049786
              0.085047846              -0.06510119               0.03894019
              0.085533576             -0.064418378              0.037341878
              0.085998586             -0.063694196              0.035704646
              0.086442896             -0.062929204              0.034030258
              0.086866533             -0.062123992              0.032320507
              0.087269531             -0.061279172              0.030577222
              0.087651934             -0.060395378              0.028802259
              0.088013793             -0.059473272              0.026997504
              0.088355165             -0.058513534              0.025164867
              0.088676118             -0.057516868              0.023306283
              0.088976726                -0.056484              0.021423708
              0.089257069             -0.055415675              0.019519114
              0.089517237             -0.054312658              0.017594494
              0.089757326             -0.053175734              0.015651851
              0.089977439             -0.052005706              0.013693204
              0.090177685             -0.050803394               0.01172058
              0.090358184             -0.049569636             0.0097360118
              0.090519057             -0.048305284              0.007741541
              0.090660437             -0.047011208             0.0057392098
               0.09078246             -0.045688291              0.003731062
               0.09088527              -0.04433743             0.0017191399
              0.090969017             -0.042959535           -0.00029451819
              0.091033857             -0.041555528            -0.0023078794
              0.091079953             -0.040126342            -0.0043189191
              0.091107473             -0.038672923            -0.0063256229
               0.09111659             -0.037196223            -0.0083259886
              0.091107484             -0.035697207             -0.010318029
               0.09108034             -0.034176844             -0.012299771
              0.091035348             -0.032636114             -0.014269264
              0.090972704             -0.031076001             -0.016224575
              0.090892607             -0.029497497             -0.018163794
              0.090795265             -0.027901597             -0.020085036
              0.090680885             -0.026289302             -0.021986441
              0.090549684             -0.024661614             -0.023866179
               0.09040188              -0.02301954             -0.025722449
              0.090237696             -0.021364087              -0.02755348
               0.09005736             -0.019696265             -0.029357537
              0.089861103             -0.018017083             -0.031132918
               0.08964916              -0.01632755             -0.032877959
               0.08942177             -0.014628672             -0.034591034
              0.089179175             -0.012921455             -0.036270554
               0.08892162             -0.011206902             -0.037914974
              0.088649355             -0.009486013              -0.03952279
               0.08836263            -0.0077597821             -0.041092542
                0.0880617            -0.0060292001             -0.042622815
              0.087746823            -0.0042952514              -0.04411224
              0.087418257            -0.0025589147             -0.045559494
              0.087076265           -0.00082116137             -0.046963304
               0.08672111            0.00091704452             -0.048322445
               0.08635306             0.0026547472             -0.049635743
              0.085972382             0.0043909998             -0.050902075
              0.085579345             0.0061248649             -0.052120369
              0.085174222             0.0078554151             -0.053289607
              0.084757284             0.0095817335             -0.054408821
              0.084328806              0.011302915             -0.055477102
              0.083889063              0.013018065             -0.056493591
               0.08343833              0.014726303             -0.057457485
              0.082976885               0.01642676             -0.058368038
              0.082505006              0.018118581             -0.059224557
              0.082022969              0.019800924             -0.060026406
              0.081531054              0.021472962             -0.060773006
              0.081029538              0.023133883             -0.061463833
              0.080518702              0.024782889             -0.062098419
              0.079998822              0.026419199             -0.062676353
              0.079470178              0.028042047              -0.06319728
              0.078933048              0.029650685             -0.063660902
              0.078387709              0.031244379             -0.064066976
              0.077834438              0.032822414             -0.064415315
              0.077273512              0.034384092             -0.064705787
              0.076705205              0.035928733             -0.064938316
              0.076129793              0.037455675             -0.065112879
              0.075547548              0.038964273             -0.065229509
              0.074958743              0.040453903             -0.065288293
              0.074363649              0.041923957             -0.065289368
              0.073762534              0.043373848             -0.065232928
              0.073155666              0.044803008             -0.065119215
              0.072543313              0.046210886             -0.064948524
              0.071925737              0.047596955               -0.0647212
              0.071303201              0.048960703             -0.064437637
              0.070675966              0.050301641             -0.064098279
               0.07004429              0.051619297             -0.063703615
              0.069408429              0.052913223             -0.063254183
              0.068768636              0.054182987             -0.062750566
              0.068125165              0.055428179             -0.062193392
              0.067478262               0.05664841             -0.061583333
              0.066828176              0.057843309             -0.060921102
              0.066175149              0.059012526             -0.060207454
              0.065519423              0.060155732             -0.059443187
              0.064861237              0.061272618             -0.058629133
              0.064200825              0.062362893             -0.057766165
              0.063538421              0.063426288             -0.056855193
              0.062874254              0.064462553              -0.05589716
               0.06220855              0.065471459             -0.054893044
              0.061541534              0.066452795             -0.053843856
              0.060873424              0.067406371             -0.052750637
              0.060204439              0.068332016              -0.05161446
              0.059534792              0.069229577             -0.050436425
              0.058864693              0.070098922             -0.049217659
              0.058194349              0.070939937             -0.047959315
              0.057523964              0.071752526              -0.04666257
              0.056853738              0.072536614             -0.045328625
              0.056183868              0.073292141             -0.043958702
              0.055514546              0.074019068             -0.042554041
              0.054845962              0.074717373             -0.041115904
              0.054178302               0.07538705             -0.039645566
              0.053511748              0.076028111             -0.038144323
              0.052846479              0.076640588              -0.03661348
              0.052182668              0.077224525             -0.035054358
              0.051520488              0.077779987             -0.033468288
              0.050860106              0.078307051             -0.031856612
              0.050201685              0.078805813              -0.03022068
              0.049545385              0.079276383             -0.028561849
              0.048891363              0.079718888             -0.026881481
               0.04823977              0.080133468             -0.025180945
              0.047590755              0.080520278              -0.02346161
              0.046944463              0.080879487             -0.021724848
              0.046301034               0.08121128             -0.019972032
              0.045660607              0.081515853             -0.018204534
              0.045023314              0.081793415             -0.016423721
              0.044389285              0.082044191             -0.014630961
              0.043758645              0.082268416             -0.012827613
              0.043131518              0.082466336             -0.011015033
               0.04250802              0.082638212            -0.0091945681
              0.041888267              0.082784313            -0.0073675576
               0.04127237              0.082904921            -0.0055353314
              0.040660435              0.083000328            -0.0036992084
              0.040052567              0.083070836             -0.001860496
              0.039448864              0.083116758           -2.0488858e-05
              0.038849424              0.083138414             0.0018195325
              0.038254338              0.083136135             0.0036583022
              0.037663696              0.083110259             0.0054945702
              0.037077584              0.083061135             0.0073271035
              0.036496082              0.082989118             0.0091546863
               0.03591927              0.082894569              0.010976122
              0.035347222              0.082777859              0.012790233
              0.034780011              0.082639364              0.014595861
              0.034217703              0.082479466              0.016391872
              0.033660364              0.082298555              0.018177149
              0.033108056              0.082097024              0.019950601
              0.032560836              0.081875273               0.02171116
               0.03201876              0.081633707               0.02345778
              0.031481878              0.081372733              0.025189439
              0.030950241              0.081092765              0.026905144
              0.030423892              0.080794219              0.028603922
              0.029902875              0.080477514              0.030284831
              0.029387229              0.080143075              0.031946951
              0.028876991              0.079791326              0.033589393
              0.028372193              0.079422695              0.035211293
              0.027872867              0.079037612              0.036811815
               0.02737904              0.078636509               0.03839015
              0.026890737              0.078219818               0.03994552
               0.02640798              0.077787973              0.041477173
              0.025930789              0.077341409              0.042984386
               0.02545918               0.07688056              0.044466467
              0.024993169              0.076405862              0.045922752
              0.024532767              0.075917748              0.047352604
              0.024077982              0.075416654              0.048755419
              0.023628823              0.074903013              0.050130621
              0.023185293              0.074377256              0.051477662
              0.022747394              0.073839815              0.052796025
              0.022315127              0.073291119              0.054085223
              0.021888489              0.072731595              0.055344797
              0.021467476              0.072161669              0.056574317
               0.02105208              0.071581764              0.057773384
              0.020642294              0.070992299              0.058941627
              0.020238106              0.070393692              0.060078703
              0.019839504              0.069786357              0.061184299
              0.019446473              0.069170706               0.06225813
              0.019058997              0.068547145              0.063299939
              0.018677057              0.067916079              0.064309497
              0.018300634              0.067277907              0.065286604
              0.017929706              0.066633025              0.066231084
              0.017564249              0.065981824              0.067142793
              0.017204239              0.065324693              0.068021608
              0.016849648              0.064662012              0.068867438
               0.01650045               0.06399416              0.069680213
              0.016156615              0.063321509              0.070459891
              0.015818111              0.062644427              0.071206455
              0.015484908              0.061963277              0.071919913
               0.01515697              0.061278416              0.072600295
              0.014834264              0.060590195              0.073247657
              0.014516754              0.059898961              0.073862078
              0.014204403              0.059205054              0.074443658
              0.013897172              0.058508808               0.07499252
              0.013595023              0.057810554              0.075508811
              0.013297915              0.057110612              0.075992695
              0.013005807              0.056409301               0.07644436
              0.012718657               0.05570693              0.076864012
              0.012436422              0.055003805              0.077251878
              0.012159058              0.054300224              0.077608203
              0.011886521              0.053596479               0.07793325
              0.011618765              0.052892855                0.0782273
              0.011355745              0.052189632              0.078490653
              0.011097413              0.051487082              0.078723622
              0.010843723              0.050785472               0.07892654
              0.010594626              0.050085062              0.079099752
              0.010350075              0.049386105               0.07924362
               0.01011002              0.048688849              0.079358518
             0.0098744114              0.047993533              0.079444837
                0.0096432              0.047300391              0.079502977
             0.0094163354              0.046609651              0.079533353
              0.009193767              0.045921533              0.079536391
              0.008975444              0.045236253              0.079512528
             0.0087613151              0.044554016              0.079462212
              0.008551329              0.043875026              0.079385901
             0.0083454339              0.043199477              0.079284062
             0.0081435781              0.042527557               0.07915717
             0.0079457094              0.041859449               0.07900571
             0.0077517758              0.041195328              0.078830175
              0.007561725              0.040535364              0.078631062
             0.0073755047              0.039879721              0.078408876
             0.0071930625              0.039228554              0.078164131
             0.0070143461              0.038582015              0.077897341
              0.006839303              0.037940249              0.077609029
             0.0066678809              0.037303394              0.077299721
             0.0065000276              0.036671584              0.076969946
             0.0063356908              0.036044945              0.076620238
             0.0061748185              0.035423599              0.076251131
             0.0060173587               0.03480766              0.075863165
             0.0058632595              0.034197238              0.075456878
             0.0057124694              0.033592438              0.075032812
             0.0055649368              0.032993357              0.074591509
             0.0054206105              0.032400089              0.074133511
             0.0052794395              0.031812721               0.07365936
             0.0051413731              0.031231335              0.073169597
             0.0050063607              0.030656009              0.072664764
             0.0048743521              0.030086815              0.072145399
             0.0047452974               0.02952382               0.07161204
              0.004619147              0.028967085              0.071065223
             0.0044958517              0.028416668              0.070505479
             0.0043753625              0.027872621              0.069933339
             0.0042576309              0.027334992              0.069349329
             0.0041426088              0.026803825              0.068753972
             0.0040302482              0.026279158              0.068147787
             0.0039205018              0.025761025              0.067531289
             0.0038133226              0.025249457              0.066904987
              0.003708664               0.02474448              0.066269387
             0.0036064799              0.024246114              0.065624988
             0.0035067246              0.023754379              0.064972285
             0.0034093528              0.023269288              0.064311766
             0.0033143197              0.022790852              0.063643914
             0.0032215809              0.022319077              0.062969207
             0.0031310926              0.021853965              0.062288112
             0.0030428114              0.021395517              0.061601095
             0.0029566944              0.020943729              0.060908612
             0.0028726992              0.020498592              0.060211111
             0.0027907839              0.020060098              0.059509035
             0.0027109069              0.019628232               0.05880282
             0.0026330274              0.019202978              0.058092891
             0.0025571051              0.018784316               0.05737967
             0.0024830999              0.018372224              0.056663566
             0.0024109726              0.017966678              0.055944985
             0.0023406844               0.01756765              0.055224321
             0.0022721967               0.01717511              0.054501963
              0.002205472              0.016789025              0.053778289
             0.0021404728               0.01640936               0.05305367
             0.0020771625              0.016036079              0.052328468
             0.0020155049              0.015669143              0.051603038
             0.0019554641              0.015308509              0.050877725
             0.0018970051              0.014954135              0.050152864
             0.0018400932              0.014605976              0.049428785
             0.0017846943              0.014263984              0.048705807
             0.0017307748              0.013928111              0.047984241
             0.0016783017              0.013598307              0.047264388
             0.0016272426              0.013274519              0.046546541
             0.0015775653              0.012956695              0.045830987
             0.0015292384              0.012644779              0.045117999
              0.001482231              0.012338715              0.044407847
             0.0014365126              0.012038446              0.043700787
             0.0013920533              0.011743914              0.042997072
             0.0013488236              0.011455058              0.042296941
             0.0013067948              0.011171819              0.041600629
             0.0012659384              0.010894134              0.040908359
             0.0012262265               0.01062194              0.040220348
             0.0011876318              0.010355175              0.039536804
             0.0011501273              0.010093774              0.038857927
             0.0011136866             0.0098376731              0.038183908
              0.001078284             0.0095868057               0.03751493
              0.001043894              0.009341106              0.036851169
             0.0010104915             0.0091005076              0.036192792
            0.00097805227             0.0088649434              0.035539959
            0.00094655216             0.0086343458              0.034892822
            0.00091596769             0.0084086472              0.034251526
            0.00088627581             0.0081877794              0.033616207
            0.00085745393             0.0079716741              0.032986994
             0.0008294799             0.0077602627               0.03236401
            0.00080233202             0.0075534765              0.031747371
            0.00077598907             0.0073512468              0.031137183
            0.00075043023             0.0071535046              0.030533548
            0.00072563512             0.0069601813              0.029936561
            0.00070158378             0.0067712078               0.02934631
            0.00067825667             0.0065865156              0.028762874
            0.00065563468             0.0064060359              0.028186329
            0.00063369906             0.0062297004              0.027616744
             0.0006124315             0.0060574407              0.027054181
             0.0005918141             0.0058891887              0.026498695
            0.00057182936             0.0057248767              0.025950339
            0.00055246015             0.0055644372              0.025409156
            0.00053368972             0.0054078029              0.024875185
            0.00051550172             0.0052549071              0.024348461
            0.00049788014             0.0051056833              0.023829012
            0.00048080935             0.0049600654              0.023316861
            0.00046427406             0.0048179879              0.022812026
            0.00044825933             0.0046793857              0.022314521
            0.00043275062              0.004544194              0.021824354
            0.00041773366             0.0044123489               0.02134153
             0.0004031946             0.0042837865              0.020866048
            0.00038911984              0.004158444              0.020397902
            0.00037549614             0.0040362589              0.019937085
             0.0003623106             0.0039171691              0.019483583
            0.00034955064             0.0038011135              0.019037379
            0.00033720396             0.0036880314              0.018598453
            0.00032525854             0.0035778628               0.01816678
             0.0003137027             0.0034705482              0.017742331
              0.000302525             0.0033660289              0.017325077
            0.00029171433              0.003264247              0.016914982
            0.00028125983             0.0031651451              0.016512008
            0.00027115096             0.0030686666              0.016116115
             0.0002613774             0.0029747554              0.015727259
            0.00025192913             0.0028833565              0.015345395
            0.00024279637             0.0027944153              0.014970472
             0.0002339696              0.002707878               0.01460244
            0.00022543954             0.0026236916              0.014241244
            0.00021719717             0.0025418038              0.013886829
            0.00020923369             0.0024621632              0.013539135
            0.00020154057             0.0023847189              0.013198104
            0.00019410944             0.0023094208              0.012863672
            0.00018693219             0.0022362198              0.012535775
            0.00018000096             0.0021650673              0.012214347
            0.00017330806             0.0020959155               0.01189932
            0.00016684601             0.0020287174              0.011590627
            0.00016060759             0.0019634269              0.011288195
            0.00015458573             0.0018999985              0.010991954
            0.00014877356             0.0018383874              0.010701829
            0.00014316442             0.0017785497              0.010417748
            0.00013775181             0.0017204423              0.010139634
            0.00013252942             0.0016640227             0.0098674119
            0.00012749115             0.0016092491             0.0096010036
            0.00012263104             0.0015560807             0.0093403316
            0.00011794332             0.0015044773             0.0090853171
            0.00011342236             0.0014543993             0.0088358808
             0.0001090627             0.0014058081             0.0085919428
            0.00010485907             0.0013586657             0.0083534227
            0.00010080631             0.0013129348             0.0081202398
             9.689945e-05             0.0012685789             0.0078923127
             9.313365e-05             0.0012255622               0.00766956
            8.9504213e-05             0.0011838494             0.0074519001
            8.6006587e-05             0.0011434062              0.007239251
            8.2636313e-05             0.0011041989             0.0070315308
             7.938911e-05             0.0010661943             0.0068286576
            7.6260809e-05             0.0010293602             0.0066305492
             7.324739e-05            0.00099366489             0.0064371238
            7.0344914e-05            0.00095907724             0.0062482995
            6.7549596e-05            0.00092556693             0.0060639947
            6.4857737e-05            0.00089310423             0.0058841279
             6.226575e-05            0.00086166007             0.0057086178
            5.9770197e-05            0.00083120594             0.0055373837
            5.7367737e-05            0.00080171405             0.0053703448
            5.5055119e-05            0.00077315717              0.005207421
            5.2829206e-05            0.00074550867             0.0050485325
            5.0686949e-05             0.0007187425             0.0048935999
            4.8625396e-05            0.00069283324             0.0047425443
            4.6641677e-05            0.00066775608             0.0045952874
            4.4733038e-05            0.00064348672             0.0044517514
            4.2896809e-05            0.00062000141             0.0043118589
            4.1130382e-05            0.00059727699             0.0041755333
            3.9431252e-05             0.0005752908             0.0040426985
            3.7796968e-05            0.00055402077             0.0039132791
            3.6225198e-05            0.00053344527             0.0037872003
            3.4713642e-05            0.00051354326              0.003664388
            3.3260122e-05            0.00049429414             0.0035447688
            3.1862501e-05            0.00047567784               0.00342827
            3.0518728e-05            0.00045767474             0.0033148194
            2.9226798e-05            0.00044026575              0.003204346
            2.7984751e-05             0.0004234322             0.0030967791
            2.6790721e-05            0.00040715589              0.002992049
            2.5642894e-05            0.00039141907             0.0028900865
            2.4539514e-05            0.00037620443             0.0027908235
            2.3478888e-05            0.00036149504             0.0026941924
            2.2459398e-05            0.00034727442             0.0026001265
            2.1479439e-05            0.00033352648             0.0025085597
            2.0537494e-05            0.00032023558             0.0024194269
            1.9632095e-05            0.00030738641             0.0023326636
            1.8761822e-05            0.00029496407             0.0022482062
            1.7925274e-05            0.00028295394             0.0021659917
            1.7121143e-05            0.00027134187             0.0020859581
            1.6348107e-05            0.00026011401             0.0020080438
            1.5604899e-05            0.00024925688             0.0019321882
            1.4890302e-05             0.0002387573             0.0018583314
            1.4203142e-05            0.00022860241             0.0017864141
            1.3542296e-05            0.00021877968             0.0017163779
            1.2906658e-05            0.00020927685             0.0016481649
            1.2295191e-05              0.000200082             0.0015817181
            1.1706838e-05            0.00019118346             0.0015169811
            1.1140635e-05            0.00018256985             0.0014538979
            1.0595603e-05            0.00017423002             0.0013924135
            1.0070818e-05             0.0001661531             0.0013324733
            9.5653557e-06            0.00015832845             0.0012740234
            9.0783411e-06            0.00015074572             0.0012170104
            8.6089262e-06            0.00014339469             0.0011613815
            8.1562584e-06            0.00013626547             0.0011070844
            7.7195471e-06            0.00012934831             0.0010540675
            7.2979892e-06             0.0001226337             0.0010022793
            6.8908384e-06            0.00011611223            0.00095166917
            6.4973864e-06            0.00010977478            0.00090218664
            6.1168915e-06            0.00010361235            0.00085378173
            5.7486473e-06            9.7616122e-05            0.00080640478
            5.3919883e-06            9.1777394e-05             0.0007600065
            5.0462468e-06            8.6087655e-05             0.0007145379
            4.7107611e-06            8.0538455e-05            0.00066995028
            4.3848822e-06            7.5121545e-05            0.00062619514
            4.0679999e-06            6.9828759e-05            0.00058322415
            3.7594987e-06            6.4652057e-05            0.00054098919
            3.4587789e-06             5.958343e-05            0.00049944221
            3.1652384e-06            5.4614988e-05            0.00045853525
            2.8783061e-06              4.97389e-05            0.00041822035
            2.5974392e-06            4.4947408e-05            0.00037844957
            2.3220629e-06            4.0232829e-05            0.00033917487
            2.0516324e-06            3.5587462e-05            0.00030034812
            1.7855841e-06            3.1003652e-05            0.00026192097
            1.5233788e-06             2.647382e-05            0.00022384491
            1.2644627e-06            2.1990331e-05             0.0001860711
            1.0082827e-06             1.754555e-05             0.0001485504
            7.5430126e-07            1.3131822e-05            0.00011123321
            5.0195306e-07            8.7414808e-06            7.4069548e-05
            2.5069662e-07            4.3668071e-06            3.7008867e-05
