              0.002067792             0.0025323656             0.0028314576
             0.0041346341              0.005062017             0.0056581461
             0.0061995773             0.0075862432              0.008475305
              0.008261674               0.01010234              0.011278191
              0.010319979              0.012607612              0.014062084
              0.012373549              0.015099378              0.016822301
              0.014421445              0.017574973              0.019554198
              0.016462733              0.020031751              0.022253181
              0.018496484              0.022467088              0.024914716
              0.020521773              0.024878386              0.027534335
              0.022537683              0.027263077              0.030107641
              0.024543303              0.029618624              0.032630321
              0.026537733              0.031942525              0.035098151
              0.028520077              0.034232315              0.037507004
              0.030489451               0.03648557              0.039852855
              0.032444979              0.038699912              0.042131791
              0.034385799              0.040873005              0.044340017
              0.036311055              0.043002567              0.046473859
              0.038219908              0.045086363              0.048529778
              0.040111527              0.047122215              0.050504368
              0.041985096              0.049108003              0.052394365
              0.043839812              0.051041662              0.054196655
              0.045674888              0.052921191              0.055908276
              0.047489549              0.054744655              0.057526422
              0.049283035               0.05651018              0.059048451
              0.051054605              0.058215963               0.06047189
              0.052803532              0.059860271              0.061794432
              0.054529104              0.061441442              0.063013949
              0.056230631              0.062957887              0.064128488
              0.057907435              0.064408092              0.065136278
              0.059558861              0.065790622              0.066035732
              0.061184269              0.067104117              0.066825449
               0.06278304              0.068347299              0.067504214
              0.064354574              0.069518968              0.068071004
               0.06589829              0.070618009              0.068524985
              0.067413627              0.071643387              0.068865516
              0.068900045              0.072594152              0.069092148
              0.070357024              0.073469437              0.069204623
              0.071784065              0.074268463              0.069202879
              0.073180692              0.074990534              0.069087043
              0.074546446               0.07563504              0.068857433
              0.075880895              0.076201459              0.068514559
              0.077183625              0.076689354              0.068059118
              0.078454246              0.077098375              0.067491994
              0.079692389              0.077428259              0.066814256
              0.080897707              0.077678828              0.066027152
              0.082069878              0.077849993              0.065132113
              0.083208599              0.077941746              0.064130745
              0.084313591               0.07795417              0.063024823
                0.0853846              0.077887428              0.061816296
               0.08642139              0.077741769              0.060507273
              0.087423752              0.077517524              0.059100026
              0.088391497              0.077215107              0.057596983
               0.08932446              0.076835014              0.056000721
              0.090222497               0.07637782              0.054313964
              0.091085488              0.075844179              0.052539578
              0.091913335              0.075234821              0.050680561
              0.092705962              0.074550555              0.048740042
              0.093463315              0.073792264              0.046721274
              0.094185362              0.072960902              0.044627625
              0.094872094              0.072057496              0.042462576
              0.095523522              0.071083143              0.040229711
               0.09613968              0.070039007              0.037932712
              0.096720621              0.068926318              0.035575352
              0.097266421              0.067746372              0.033161488
              0.097777175              0.066500523              0.030695054
                 0.098253              0.065190189              0.028180055
              0.098694033              0.063816843              0.025620558
              0.099100429              0.062382014              0.023020685
              0.099472364              0.060887286              0.020384608
              0.099810034              0.059334292              0.017716538
               0.10011365              0.057724715              0.015020722
               0.10038345              0.056060282              0.012301432
               0.10061968              0.054342767             0.0095629595
                0.1008226              0.052573982             0.0068096077
               0.10099251               0.05075578             0.0040456844
                0.1011297              0.048890051             0.0012754948
                0.1012345              0.046978715            -0.0014966659
               0.10130723              0.045023728            -0.0042665192
               0.10134825              0.043027071            -0.0070298106
               0.10135793              0.040990753            -0.0097823164
               0.10133663              0.038916805             -0.012519851
               0.10128476               0.03680728             -0.015238271
               0.10120273               0.03466425             -0.017933487
               0.10109095              0.032489799             -0.020601464
               0.10094986              0.030286029             -0.023238231
                0.1007799              0.028055049             -0.025839887
               0.10058153              0.025798978             -0.028402607
               0.10035522              0.023519939             -0.030922644
               0.10010144              0.021220058             -0.033396341
              0.099820701              0.018901463              -0.03582013
              0.099513485              0.016566279             -0.038190542
              0.099180305              0.014216626             -0.040504207
              0.098821679              0.011854619             -0.042757865
               0.09843813             0.0094823609             -0.044948362
              0.098030193             0.0071019461             -0.047072664
              0.097598407             0.0047154537             -0.049127852
               0.09714332             0.0023249475             -0.051111131
              0.096665483           -6.7527147e-05             -0.053019831
              0.096165456            -0.0024599449             -0.054851414
              0.095643802            -0.0048503029             -0.056603469
              0.095101088            -0.0072366222             -0.058273725
              0.094537888            -0.0096169503             -0.059860045
              0.093954777             -0.011989363             -0.061360431
              0.093352333             -0.014351965             -0.062773027
              0.092731138             -0.016702895             -0.064096121
              0.092091776             -0.019040322             -0.065328142
              0.091434832             -0.021362452             -0.066467666
              0.090760892             -0.023667528             -0.067513416
              0.090070543             -0.025953829             -0.068464258
              0.089364373             -0.028219675             -0.069319209
              0.088642969             -0.030463427             -0.070077429
              0.087906917             -0.032683487             -0.070738228
              0.087156802             -0.034878301             -0.071301059
              0.086393209             -0.037046359             -0.071765523
              0.085616719             -0.039186196             -0.072131364
              0.084827912             -0.041296397              -0.07239847
              0.084027366             -0.043375589             -0.072566871
              0.083215653              -0.04542245             -0.072636738
              0.082393344             -0.047435708             -0.072608379
              0.081561006             -0.049414139              -0.07248224
                0.0807192             -0.051356569             -0.072258899
              0.079868485             -0.053261876             -0.071939068
              0.079009412             -0.055128989             -0.071523588
              0.078142531             -0.056956888             -0.071013424
              0.077268381             -0.058744605             -0.070409668
                0.0763875             -0.060491225             -0.069713529
              0.075500418             -0.062195884             -0.068926333
              0.074607657             -0.063857773             -0.068049523
              0.073709735             -0.065476133             -0.067084646
              0.072807161             -0.067050259              -0.06603336
              0.071900438             -0.068579497             -0.064897423
               0.07099006             -0.070063247             -0.063678691
              0.070076516              -0.07150096             -0.062379115
              0.069160285             -0.072892138             -0.061000734
              0.068241837             -0.074236336             -0.059545676
              0.067321637              -0.07553316             -0.058016147
              0.066400138             -0.076782266             -0.056414432
              0.065477787             -0.077983359             -0.054742888
              0.064555021             -0.079136194             -0.053003938
              0.063632267             -0.080240577             -0.051200072
              0.062709945             -0.081296359             -0.049333835
              0.061788465             -0.082303441             -0.047407828
              0.060868227             -0.083261769             -0.045424702
              0.059949623             -0.084171336             -0.043387152
              0.059033034             -0.085032179             -0.041297912
              0.058118831             -0.085844381             -0.039159754
              0.057207378             -0.086608067              -0.03697548
              0.056299027             -0.087323403             -0.034747916
               0.05539412             -0.087990599             -0.032479915
              0.054492991             -0.088609905             -0.030174341
              0.053595963             -0.089181607             -0.027834076
              0.052703349             -0.089706033             -0.025462008
              0.051815452             -0.090183547             -0.023061029
              0.050932566             -0.090614546             -0.020634032
              0.050054975             -0.090999467             -0.018183903
              0.049182952             -0.091338777             -0.015713523
              0.048316762             -0.091632975             -0.013225758
              0.047456658             -0.091882594             -0.010723458
              0.046602884             -0.092088194            -0.0082094529
              0.045755677             -0.092250367            -0.0056865479
               0.04491526              -0.09236973            -0.0031575211
              0.044081848             -0.092446928             -0.000625119
              0.043255649             -0.092482628             0.0019079466
              0.042436858             -0.092477526             0.0044390018
              0.041625663             -0.092432335             0.0069654139
              0.040822241             -0.092347794             0.0094845945
              0.040026761             -0.092224659              0.011994002
              0.039239383             -0.092063706              0.014491145
              0.038460258             -0.091865728              0.016973585
              0.037689526             -0.091631536              0.019438937
              0.036927322             -0.091361954              0.021884876
               0.03617377             -0.091057821              0.024309134
              0.035428986             -0.090719989              0.026709507
              0.034693078             -0.090349321              0.029083853
              0.033966145             -0.089946691              0.031430096
              0.033248278             -0.089512981              0.033746229
              0.032539562             -0.089049081              0.036030311
              0.031840072              -0.08855589              0.038280474
              0.031149877             -0.088034311              0.040494919
              0.030469036             -0.087485253              0.042671921
              0.029797604             -0.086909627              0.044809829
              0.029135627             -0.086308347              0.046907064
              0.028483144              -0.08568233              0.048962125
              0.027840187             -0.085032493              0.050973586
              0.027206783             -0.084359752              0.052940096
               0.02658295             -0.083665022              0.054860381
              0.025968702             -0.082949216              0.056733246
              0.025364046             -0.082213243              0.058557569
              0.024768982             -0.081458009              0.060332308
              0.024183506             -0.080684416              0.062056495
              0.023607607             -0.079893357              0.063729241
              0.023041269             -0.079085722              0.065349731
               0.02248447             -0.078262393              0.066917227
              0.021937184             -0.077424242              0.068431064
               0.02139938             -0.076572136              0.069890652
              0.020871021             -0.075706928              0.071295477
              0.020352067             -0.074829466              0.072645092
              0.019842471             -0.073940584              0.073939127
              0.019342185             -0.073041105               0.07517728
              0.018851155             -0.072131843              0.076359317
              0.018369323             -0.071213598              0.077485076
              0.017896627             -0.070287156              0.078554457
              0.017433003             -0.069353291               0.07956743
              0.016978381             -0.068412765              0.080524025
              0.016532689             -0.067466323              0.081424338
              0.016095854             -0.066514697              0.082268524
              0.015667796             -0.065558606              0.083056797
              0.015248434              -0.06459875               0.08378943
              0.014837685             -0.063635817              0.084466752
              0.014435463             -0.062670477              0.085089144
              0.014041678             -0.061703386              0.085657043
              0.013656241             -0.060735183              0.086170935
              0.013279057             -0.059766491              0.086631353
              0.012910033             -0.058797915               0.08703888
              0.012549071             -0.057830046              0.087394142
              0.012196072             -0.056863455              0.087697809
              0.011850936             -0.055898699              0.087950593
              0.011513562             -0.054936318              0.088153243
              0.011183847             -0.053976832              0.088306547
              0.010861686             -0.053020747              0.088411329
              0.010546975             -0.052068552              0.088468445
              0.010239606             -0.051120716              0.088478784
              0.009939473             -0.050177695              0.088443262
             0.0096464678             -0.049239924              0.088362825
             0.0093604819             -0.048307825              0.088238446
             0.0090814061             -0.047381801              0.088071117
             0.0088091309             -0.046462239              0.087861857
             0.0085435464             -0.045549508              0.087611702
             0.0082845424             -0.044643964              0.087321708
             0.0080320085             -0.043745942              0.086992946
             0.0077858344             -0.042855766              0.086626502
             0.0075459097             -0.041973741              0.086223476
              0.007312124             -0.041100156              0.085784978
             0.0070843672             -0.040235286              0.085312128
             0.0068625295             -0.039379389              0.084806053
             0.0066465012             -0.038532711              0.084267886
             0.0064361733              -0.03769548              0.083698767
              0.006231437              -0.03686791              0.083099836
             0.0060321841             -0.036050202              0.082472236
             0.0058383071             -0.035242543               0.08181711
              0.005649699             -0.034445104              0.081135599
             0.0054662536             -0.033658043              0.080428841
             0.0052878654             -0.032881508              0.079697973
             0.0051144297             -0.032115631              0.078944121
             0.0049458428              -0.03136053               0.07816841
             0.0047820018             -0.030616315              0.077371954
             0.0046228047             -0.029883081              0.076555858
             0.0044681506             -0.029160911              0.075721219
             0.0043179396             -0.028449878               0.07486912
             0.0041720727             -0.027750043              0.074000635
             0.0040304524             -0.027061458              0.073116822
             0.0038929819             -0.026384161              0.072218728
             0.0037595658             -0.025718183              0.071307382
             0.0036301099             -0.025063543              0.070383799
             0.0035045211             -0.024420253              0.069448979
             0.0033827077             -0.023788313              0.068503902
              0.003264579             -0.023167717              0.067549532
             0.0031500459             -0.022558447              0.066586813
             0.0030390203              -0.02196048              0.065616674
             0.0029314156             -0.021373782              0.064640019
             0.0028271466             -0.020798315              0.063657736
             0.0027261292              -0.02023403               0.06267069
             0.0026282808             -0.019680874              0.061679727
             0.0025335201             -0.019138785              0.060685672
             0.0024417673             -0.018607696              0.059689326
             0.0023529438             -0.018087534               0.05869147
             0.0022669724             -0.017578218              0.057692863
             0.0021837774             -0.017079665              0.056694243
             0.0021032844             -0.016591783              0.055696322
             0.0020254204             -0.016114478              0.054699792
             0.0019501137              -0.01564765              0.053705322
             0.0018772941             -0.015191195              0.052713559
             0.0018068928             -0.014745003              0.051725126
             0.0017388421             -0.014308964              0.050740625
             0.0016730759              -0.01388296              0.049760633
             0.0016095295             -0.013466872              0.048785706
             0.0015481395             -0.013060578              0.047816378
             0.0014888436             -0.012663953              0.046853159
             0.0014315812             -0.012276867              0.045896539
             0.0013762928             -0.011899191              0.044946985
             0.0013229203             -0.011530791               0.04400494
             0.0012714068             -0.011171533               0.04307083
             0.0012216967             -0.010821279              0.042145055
              0.001173736             -0.010479891              0.041227998
             0.0011274714             -0.010147229              0.040320018
             0.0010828513            -0.0098231529              0.039421456
              0.001039825            -0.0095075194              0.038532631
            0.00099834342            -0.0092001856              0.037653843
            0.00095835829            -0.0089010078              0.036785373
            0.00091982272            -0.0086098416              0.035927481
            0.00088269096            -0.0083265422              0.035080412
             0.0008469184            -0.0080509646              0.034244389
            0.00081246158            -0.0077829636              0.033419618
            0.00077927814            -0.0075223942              0.032606289
            0.00074732685            -0.0072691114              0.031804573
            0.00071656753            -0.0070229706              0.031014627
            0.00068696109            -0.0067838277              0.030236587
            0.00065846948             -0.006551539              0.029470579
            0.00063105568            -0.0063259614              0.028716709
            0.00060468369            -0.0061069528               0.02797507
            0.00057931847            -0.0058943719               0.02724574
            0.00055492601            -0.0056880781              0.026528785
            0.00053147319            -0.0054879322              0.025824254
            0.00050892789             -0.005293796              0.025132186
            0.00048725887            -0.0051055323              0.024452604
            0.00046643579            -0.0049230056              0.023785522
            0.00044642922            -0.0047460815              0.023130941
            0.00042721057            -0.0045746271               0.02248885
             0.0004087521            -0.0044085109              0.021859228
            0.00039102689            -0.0042476032              0.021242043
            0.00037400884            -0.0040917756              0.020637252
            0.00035767265            -0.0039409015              0.020044806
            0.00034199376            -0.0037948561              0.019464642
             0.0003269484            -0.0036535162              0.018896693
            0.00031251351            -0.0035167605              0.018340879
            0.00029866676            -0.0033844692              0.017797115
            0.00028538653            -0.0032565249              0.017265309
            0.00027265188            -0.0031328116               0.01674536
            0.00026044254            -0.0030132153              0.016237161
            0.00024873888            -0.0028976241              0.015740599
            0.00023752191            -0.0027859278              0.015255554
            0.00022677328            -0.0026780184              0.014781902
            0.00021647521            -0.0025737896              0.014319512
            0.00020661054            -0.0024731372               0.01386825
            0.00019716265            -0.0023759591              0.013427975
            0.00018811549            -0.0022821549              0.012998544
            0.00017945357            -0.0021916264               0.01257981
            0.00017116188            -0.0021042774              0.012171619
            0.00016322598            -0.0020200134              0.011773819
            0.00015563187            -0.0019387423              0.011386252
            0.00014836608            -0.0018603735              0.011008756
            0.00014141557            -0.0017848188               0.01064117
             0.0001347678            -0.0017119917              0.010283328
            0.00012841062            -0.0016418076             0.0099350631
            0.00012233235             -0.001574184             0.0095962075
            0.00011652171            -0.0015090401             0.0092665909
            0.00011096783            -0.0014462971             0.0089460421
            0.00010566023            -0.0013858782             0.0086343892
             0.0001005888            -0.0013277082             0.0083314592
            9.5743809e-05            -0.0012717139             0.0080370788
            9.1115879e-05            -0.0012178238             0.0077510742
            8.6695978e-05            -0.0011659682             0.0074732715
            8.2475406e-05            -0.0011160793             0.0072034967
            7.8445788e-05            -0.0010680909             0.0069415761
            7.4599062e-05            -0.0010219385             0.0066873363
            7.0927468e-05           -0.00097755932             0.0064406042
            6.7423539e-05           -0.00093489227             0.0062012076
            6.4080091e-05           -0.00089387785             0.0059689748
            6.0890212e-05           -0.00085445816             0.0057437351
            5.7847257e-05           -0.00081657689             0.0055253188
            5.4944834e-05           -0.00078017924             0.0053135572
            5.2176796e-05           -0.00074521195             0.0051082828
            4.9537236e-05           -0.00071162323             0.0049093295
            4.7020477e-05           -0.00067936273             0.0047165324
            4.4621062e-05           -0.00064838155             0.0045297282
            4.2333745e-05           -0.00061863215             0.0043487551
            4.0153489e-05           -0.00059006835             0.0041734528
            3.8075453e-05            -0.0005626453             0.0040036627
            3.6094986e-05           -0.00053631945             0.0038392278
            3.4207623e-05            -0.0005110485             0.0036799929
            3.2409074e-05           -0.00048679138             0.0035258045
            3.0695218e-05           -0.00046350823              0.003376511
            2.9062099e-05           -0.00044116034             0.0032319625
            2.7505916e-05           -0.00041971013              0.003092011
             2.602302e-05           -0.00039912114             0.0029565102
            2.4609905e-05           -0.00037935795             0.0028253158
            2.3263205e-05            -0.0003603862             0.0026982853
            2.1979688e-05           -0.00034217252             0.0025752778
            2.0756246e-05           -0.00032468451             0.0024561547
            1.9589896e-05            -0.0003078907             0.0023407786
            1.8477769e-05           -0.00029176053             0.0022290143
            1.7417109e-05           -0.00027626433             0.0021207282
            1.6405266e-05           -0.00026137325             0.0020157883
            1.5439693e-05           -0.00024705925             0.0019140643
            1.4517934e-05           -0.00023329506             0.0018154277
            1.3637632e-05           -0.00022005416             0.0017197512
            1.2796513e-05           -0.00020731073             0.0016269092
            1.1992388e-05           -0.00019503965             0.0015367774
            1.1223143e-05            -0.0001832164             0.0014492332
            1.0486742e-05           -0.00017181711             0.0013641547
            9.7812171e-06           -0.00016081846             0.0012814216
            9.1046655e-06           -0.00015019768             0.0012009146
            8.4552456e-06           -0.00013993251             0.0011225153
             7.831175e-06           -0.00013000116             0.0010461064
             7.230725e-06           -0.00012038229            0.00097157128
             6.652214e-06           -0.00011105495             0.0008987939
            6.0940074e-06           -0.00010199856            0.00082765893
            5.5545126e-06           -9.3192892e-05            0.00075805142
            5.0321735e-06           -8.4617987e-05            0.00068985672
            4.5254698e-06           -7.6254161e-05            0.00062296033
            4.0329091e-06           -6.8081946e-05            0.00055724776
            3.5530266e-06           -6.0082059e-05            0.00049260438
            3.0843795e-06           -5.2235355e-05             0.0004289152
             2.625542e-06           -4.4522794e-05            0.00036606479
            2.1751036e-06           -3.6925391e-05              0.000303937
            1.7316642e-06           -2.9424181e-05            0.00024241482
            1.2938285e-06           -2.2000171e-05            0.00018138019
            8.6020431e-07           -1.4634292e-05            0.00012071372
            4.2939525e-07           -7.3073553e-06            6.0294539e-05
